31 7 7 0
general:-2:1:-4:
general:-7:1:1:
general:-7:1:5:
general:-7:1:9:
general:-4:1:13:
general:0:1:14:
general:4:1:13:
general:8:1:12:
general:10:1:8:
general:12:1:3:
general:12:1:-1:
general:9:1:-2:
general:6:1:-3:
general:2:1:-4:
[loot]
loot:2:0:-1:
loot:9:0:3:
loot:3:0:9:
loot:-3:0:5:
[events]
killingspree
[zones]
general:-3,-1,-2:7,11,10
[blocks]
0 0,20 0,20 0,20 0,20 0,0 0,0 0
20 0,20 0,0 0,9 9,20 0,20 0,0 0
20 0,11 10,4 0,4 0,0 0,20 0,0 0
20 0,0 0,4 0,4 0,11 10,20 0,0 0
20 0,20 0,9 9,0 0,20 0,20 0,0 0
0 0,20 0,20 0,20 0,20 0,0 0,0 0
0 0,0 0,0 0,0 0,0 0,0 0,50 5
0 0,20 0,20 0,20 0,20 0,0 0,0 0
20 0,11 10,20 0,9 1,9 9,20 0,0 0
20 0,11 2,4 0,4 0,20 0,20 0,0 0
20 0,20 0,4 0,4 0,11 2,20 0,0 0
20 0,9 9,9 1,20 0,11 10,20 0,0 0
0 0,20 0,20 0,20 0,20 0,0 0,0 0
0 0,0 0,0 0,0 0,0 0,0 0,0 0
0 0,20 0,20 0,20 0,20 0,0 0,0 0
20 0,11 10,20 0,0 0,9 9,20 0,0 0
20 0,0 0,4 0,4 0,20 0,20 0,0 0
20 0,20 0,4 0,4 0,0 0,20 0,0 0
20 0,9 9,0 0,20 0,11 10,20 0,0 0
0 0,20 0,20 0,20 0,20 0,0 0,0 0
0 0,0 0,0 0,0 0,0 0,0 0,0 0
0 0,20 0,20 0,20 0,20 0,0 0,0 0
20 0,11 2,11 10,20 0,9 1,20 0,0 0
20 0,20 0,4 0,4 0,9 9,20 0,0 0
20 0,9 9,4 0,4 0,20 0,20 0,0 0
20 0,9 1,20 0,11 10,11 2,20 0,0 0
0 0,20 0,20 0,20 0,20 0,0 0,0 0
0 0,0 0,0 0,0 0,0 0,0 0,0 0
0 0,20 0,20 0,20 0,20 0,0 0,0 0
20 0,0 0,11 10,20 0,0 0,20 0,0 0
20 0,20 0,4 0,4 0,9 9,20 0,0 0
20 0,9 9,4 0,4 0,20 0,20 0,0 0
20 0,0 0,20 0,11 10,0 0,20 0,0 0
0 0,20 0,20 0,20 0,20 0,0 0,0 0
0 0,0 0,0 0,0 0,0 0,0 0,0 0
0 0,20 0,20 0,20 0,20 0,0 0,0 0
20 0,20 0,11 2,11 10,20 0,20 0,0 0
20 0,9 9,4 0,4 0,9 1,20 0,0 0
20 0,9 1,4 0,4 0,9 9,20 0,0 0
20 0,20 0,11 10,11 2,20 0,20 0,0 0
0 0,20 0,20 0,20 0,20 0,0 0,0 0
0 0,0 0,0 0,0 0,0 0,0 0,0 0
0 0,20 0,20 0,20 0,20 0,0 0,0 0
20 0,20 0,20 0,11 10,20 0,20 0,0 0
20 0,9 9,4 0,4 0,20 0,20 0,0 0
20 0,20 0,4 0,4 0,9 9,20 0,0 0
20 0,20 0,11 10,20 0,20 0,20 0,0 0
0 0,20 0,20 0,20 0,20 0,0 0,0 0
0 0,0 0,0 0,0 0,0 0,0 0,0 0
0 0,20 0,20 0,20 0,20 0,0 0,0 0
20 0,9 9,20 0,11 2,11 10,20 0,0 0
20 0,9 1,4 0,4 0,20 0,20 0,0 0
20 0,20 0,4 0,4 0,9 1,20 0,0 0
20 0,11 10,11 2,20 0,9 9,20 0,0 0
0 0,20 0,20 0,20 0,20 0,0 0,0 0
0 0,0 0,0 0,0 0,0 0,0 0,0 0
0 0,20 0,20 0,20 0,20 0,0 0,0 0
20 0,9 9,20 0,20 0,11 10,20 0,0 0
20 0,20 0,4 0,4 0,20 0,20 0,0 0
20 0,20 0,4 0,4 0,20 0,20 0,0 0
20 0,11 10,20 0,20 0,9 9,20 0,0 0
0 0,20 0,20 0,20 0,20 0,0 0,0 0
0 0,0 0,0 0,0 0,0 0,0 0,0 0
0 0,20 0,20 0,20 0,20 0,0 0,0 0
20 0,9 1,9 9,20 0,11 2,20 0,0 0
20 0,20 0,4 0,4 0,11 10,20 0,0 0
20 0,11 10,4 0,4 0,20 0,20 0,0 0
20 0,11 2,20 0,9 9,9 1,20 0,0 0
0 0,20 0,20 0,20 0,20 0,0 0,0 0
0 0,0 0,0 0,0 0,0 0,0 0,0 0
0 0,20 0,20 0,20 0,20 0,0 0,0 0
20 0,20 0,9 9,20 0,20 0,20 0,0 0
20 0,20 0,4 0,4 0,11 10,20 0,0 0
20 0,11 10,4 0,4 0,20 0,20 0,0 0
20 0,20 0,20 0,9 9,20 0,20 0,0 0
0 0,20 0,20 0,20 0,20 0,0 0,0 0
0 0,0 0,0 0,0 0,0 0,0 0,0 0
0 0,20 0,20 0,20 0,20 0,0 0,0 0
20 0,20 0,9 1,9 9,20 0,20 0,0 0
20 0,11 10,4 0,4 0,11 2,20 0,0 0
20 0,11 2,4 0,4 0,11 10,20 0,0 0
20 0,20 0,9 9,9 1,20 0,20 0,0 0
0 0,20 0,20 0,20 0,20 0,0 0,0 0
0 0,0 0,0 0,0 0,0 0,0 0,0 0
0 0,20 0,20 0,20 0,20 0,0 0,0 0
20 0,20 0,20 0,9 9,20 0,20 0,0 0
20 0,11 10,4 0,4 0,20 0,20 0,0 0
20 0,20 0,4 0,4 0,11 10,20 0,0 0
20 0,20 0,9 9,20 0,20 0,20 0,0 0
0 0,20 0,20 0,20 0,20 0,0 0,0 0
0 0,0 0,0 0,0 0,0 0,0 0,0 0
0 0,20 0,20 0,20 0,20 0,0 0,0 0
20 0,11 10,20 0,9 1,9 9,20 0,0 0
20 0,11 2,4 0,4 0,20 0,20 0,0 0
20 0,20 0,4 0,4 0,11 2,20 0,0 0
20 0,9 9,9 1,20 0,11 10,20 0,0 0
0 0,20 0,20 0,20 0,20 0,0 0,0 0
0 0,0 0,0 0,0 0,0 0,0 0,0 0
0 0,20 0,20 0,20 0,20 0,0 0,0 0
20 0,11 10,20 0,20 0,9 9,20 0,0 0
20 0,20 0,4 0,4 0,20 0,20 0,0 0
20 0,20 0,4 0,4 0,20 0,20 0,0 0
20 0,9 9,20 0,20 0,11 10,20 0,0 0
0 0,20 0,20 0,20 0,20 0,0 0,0 0
0 0,0 0,0 0,0 0,0 0,0 0,0 0
0 0,20 0,20 0,20 0,20 0,0 0,0 0
20 0,11 2,11 10,20 0,9 1,20 0,0 0
20 0,20 0,4 0,4 0,9 9,20 0,0 0
20 0,9 9,4 0,4 0,20 0,20 0,0 0
20 0,9 1,20 0,11 10,11 2,20 0,0 0
0 0,20 0,20 0,20 0,20 0,0 0,0 0
0 0,0 0,0 0,0 0,0 0,0 0,0 0
0 0,20 0,20 0,20 0,20 0,0 0,0 0
20 0,20 0,11 10,20 0,20 0,20 0,0 0
20 0,20 0,4 0,4 0,9 9,20 0,0 0
20 0,9 9,4 0,4 0,20 0,20 0,0 0
20 0,20 0,20 0,11 10,20 0,20 0,0 0
0 0,20 0,20 0,20 0,20 0,0 0,0 0
0 0,0 0,0 0,0 0,0 0,0 0,0 0
0 0,20 0,20 0,20 0,20 0,0 0,0 0
20 0,20 0,11 2,11 10,20 0,20 0,0 0
20 0,9 9,4 0,4 0,9 1,20 0,0 0
20 0,9 1,4 0,4 0,9 9,20 0,0 0
20 0,20 0,11 10,11 2,20 0,20 0,0 0
0 0,20 0,20 0,20 0,20 0,0 0,0 0
0 0,0 0,0 0,0 0,0 0,0 0,0 0
0 0,20 0,20 0,20 0,20 0,0 0,0 0
20 0,20 0,20 0,11 10,20 0,20 0,0 0
20 0,9 9,4 0,4 0,20 0,20 0,0 0
20 0,20 0,4 0,4 0,9 9,20 0,0 0
20 0,20 0,11 10,20 0,20 0,20 0,0 0
0 0,20 0,20 0,20 0,20 0,0 0,0 0
0 0,0 0,0 0,0 0,0 0,0 0,0 0
0 0,20 0,20 0,20 0,20 0,0 0,0 0
20 0,9 9,20 0,11 2,11 10,20 0,0 0
20 0,9 1,4 0,4 0,20 0,20 0,0 0
20 0,20 0,4 0,4 0,9 1,20 0,0 0
20 0,11 10,11 2,20 0,9 9,20 0,0 0
0 0,20 0,20 0,20 0,20 0,0 0,0 0
0 0,0 0,0 0,0 0,0 0,0 0,0 0
0 0,20 0,20 0,20 0,20 0,0 0,0 0
20 0,9 9,20 0,20 0,11 10,20 0,0 0
20 0,20 0,4 0,4 0,20 0,20 0,0 0
20 0,20 0,4 0,4 0,20 0,20 0,0 0
20 0,11 10,20 0,20 0,9 9,20 0,0 0
0 0,20 0,20 0,20 0,20 0,0 0,0 0
0 0,0 0,0 0,0 0,0 0,0 0,0 0
0 0,20 0,20 0,20 0,20 0,0 0,0 0
20 0,9 1,9 9,20 0,11 2,20 0,0 0
20 0,20 0,4 0,4 0,11 10,20 0,0 0
20 0,11 10,43 3,43 3,20 0,20 0,0 0
20 0,11 2,20 0,9 9,9 1,20 0,0 0
0 0,20 0,20 0,20 0,20 0,0 0,0 0
0 0,0 0,0 0,0 0,0 0,0 0,0 0
0 0,20 0,20 0,20 0,20 0,0 0,0 0
20 0,20 0,9 9,20 0,20 0,20 0,0 0
20 0,20 0,43 3,43 3,11 10,20 0,0 0
20 0,11 10,43 3,43 3,20 0,20 0,0 0
20 0,20 0,20 0,9 9,20 0,20 0,0 0
0 0,20 0,20 0,20 0,20 0,0 0,0 0
0 0,0 0,0 0,0 0,0 0,0 0,0 0
0 0,20 0,20 0,20 0,20 0,0 0,0 0
20 0,20 0,9 1,9 9,20 0,20 0,0 0
20 0,11 10,43 3,43 3,11 2,20 0,0 0
20 0,11 2,43 3,43 3,11 10,20 0,0 0
20 0,20 0,9 9,9 1,20 0,20 0,0 0
0 0,20 0,20 0,20 0,20 0,0 0,0 0
0 0,0 0,0 0,0 0,0 0,0 0,0 0
0 0,20 0,20 0,20 0,20 0,0 0,0 0
20 0,20 0,20 0,9 9,20 0,20 0,0 0
20 0,11 10,43 3,43 3,20 0,20 0,0 0
20 0,20 0,43 3,43 3,11 10,20 0,0 0
20 0,20 0,9 9,20 0,20 0,20 0,0 0
0 0,20 0,20 0,20 0,20 0,0 0,0 0
0 0,0 0,0 0,0 0,0 0,0 0,0 0
0 0,20 0,20 0,20 0,20 0,0 0,0 0
20 0,11 10,20 0,9 1,9 9,20 0,0 0
20 0,11 2,43 3,43 3,20 0,20 0,0 0
20 0,20 0,43 3,43 3,11 2,20 0,0 0
20 0,9 9,9 1,20 0,11 10,20 0,0 0
0 0,20 0,20 0,20 0,20 0,0 0,0 0
0 0,0 0,0 0,0 0,0 0,0 0,0 0
0 0,20 0,20 0,20 0,20 0,0 0,0 0
20 0,11 10,20 0,20 0,9 9,20 0,0 0
20 0,20 0,43 3,43 3,20 0,20 0,0 0
20 0,20 0,43 3,43 3,20 0,20 0,0 0
20 0,9 9,20 0,20 0,11 10,20 0,0 0
0 0,20 0,20 0,20 0,20 0,0 0,0 0
0 0,0 0,0 0,0 0,0 0,0 0,0 0
0 0,20 0,20 0,20 0,20 0,0 0,0 0
20 0,11 2,11 10,20 0,9 1,20 0,0 0
20 0,20 0,43 3,43 3,9 9,20 0,0 0
20 0,9 9,43 3,43 3,20 0,20 0,0 0
20 0,9 1,20 0,11 10,11 2,20 0,0 0
0 0,20 0,20 0,20 0,20 0,0 0,0 0
0 0,0 0,0 0,0 0,0 0,0 0,0 0
0 0,20 0,20 0,20 0,20 0,0 0,0 0
20 0,20 0,11 10,20 0,20 0,20 0,0 0
20 0,20 0,43 3,43 3,9 9,20 0,0 0
20 0,9 9,43 3,43 3,20 0,20 0,0 0
20 0,20 0,20 0,11 10,20 0,20 0,0 0
0 0,20 0,20 0,20 0,20 0,0 0,0 0
0 0,0 0,0 0,0 0,0 0,0 0,0 0
0 0,20 0,20 0,20 0,20 0,0 0,0 0
20 0,20 0,11 2,11 0,20 0,20 0,0 0
20 0,9 0,43 3,43 3,9 1,20 0,0 0
20 0,9 1,43 3,43 3,9 0,20 0,0 0
20 0,20 0,11 0,11 2,20 0,20 0,0 0
0 0,20 0,20 0,20 0,20 0,0 0,0 0
0 0,0 0,0 0,0 0,0 0,0 0,0 0
0 0,0 0,0 0,0 0,0 0,0 0,0 0
0 0,20 0,20 0,20 0,20 0,0 0,0 0
0 0,20 0,20 0,20 0,20 0,0 0,0 0
0 0,20 0,20 0,20 0,20 0,0 0,0 0
0 0,20 0,20 0,20 0,20 0,0 0,0 0
0 0,0 0,0 0,0 0,0 0,0 0,0 0
0 0,0 0,0 0,0 0,0 0,0 0,0 0
