32 21 21 23
general:14:1:14:
general:7:1:14:
general:17:1:4:
general:15:-4:17:
general:4:-4:18:
general:13:-4:12:
general:15:-4:5:
general:6:-4:5:
general:5:-9:17:
general:12:-9:15:
general:15:-9:9:
general:9:-9:5:
general:14:-14:10:
general:12:-14:16:
general:5:-14:15:
general:4:-14:9:
general:12:-19:5:
general:14:-19:14:
general:6:-19:14:
general:2:-19:4:
general:15:4:10:
general:7:4:16:
general:5:4:9:
[loot]
loot:4:8:3:
loot:4:8:19:
loot:16:8:19:
loot:16:8:3:
[events]
killingspree
[zones]
general:0,-23,1:31,-2,22
[blocks]
0 0,1 0,1 0,1 0,1 0,1 0,1 0,1 0,1 0,1 0,1 0,1 0,1 0,1 0,1 0,1 0,1 0,1 0,1 0,1 0,1 0
1 0,1 0,1 0,1 0,1 0,1 0,1 0,1 0,1 0,1 0,1 0,1 0,1 0,1 0,1 0,1 0,1 0,1 0,1 0,1 0,1 0
1 0,1 0,1 0,1 0,1 0,1 0,1 0,1 0,1 0,1 0,1 0,1 0,1 0,1 0,1 0,1 0,1 0,1 0,1 0,1 0,1 0
1 0,1 0,1 0,1 0,1 0,1 0,1 0,1 0,1 0,1 0,1 0,1 0,1 0,1 0,1 0,1 0,1 0,1 0,1 0,1 0,1 0
1 0,1 0,1 0,1 0,1 0,1 0,1 0,1 0,1 0,0 0,0 0,1 0,1 0,1 0,1 0,1 0,1 0,1 0,1 0,1 0,1 0
1 0,1 0,1 0,1 0,1 0,1 0,1 0,1 0,1 0,0 0,0 0,1 0,1 0,1 0,1 0,1 0,1 0,1 0,1 0,1 0,1 0
1 0,1 0,1 0,1 0,67 1,0 0,0 0,0 0,0 0,1 0,1 0,1 0,1 0,1 0,1 0,1 0,1 0,1 0,1 0,1 0,1 0
1 0,1 0,1 0,1 0,67 1,0 0,0 0,0 0,0 0,1 0,1 0,1 0,1 0,1 0,1 0,1 0,1 0,1 0,1 0,1 0,1 0
1 0,1 0,1 0,1 0,1 0,1 0,1 0,1 0,1 0,1 0,1 0,1 0,1 0,1 0,1 0,1 0,1 0,1 0,1 0,1 0,1 0
1 0,1 0,1 0,1 0,1 0,1 0,1 0,1 0,1 0,1 0,1 0,1 0,1 0,1 0,1 0,1 0,1 0,1 0,1 0,1 0,1 0
1 0,1 0,1 0,1 0,1 0,1 0,1 0,3 0,1 0,1 0,1 0,1 0,1 0,1 0,1 0,1 0,1 0,1 0,1 0,1 0,1 0
1 0,1 0,1 0,1 0,1 0,1 0,1 0,3 0,3 0,1 0,1 0,1 0,1 0,1 0,1 0,1 0,1 0,1 0,1 0,1 0,1 0
1 0,0 0,1 0,1 0,1 0,1 0,3 0,3 0,3 0,3 0,1 0,1 0,1 0,1 0,1 0,1 0,1 0,15 0,15 0,1 0,1 0
0 0,0 0,0 0,1 0,1 0,1 0,3 0,3 0,3 0,3 0,1 0,1 0,1 0,1 0,1 0,1 0,1 0,15 0,15 0,1 0,1 0
0 0,0 0,0 0,1 0,1 0,1 0,3 0,3 0,3 0,3 0,1 0,1 0,1 0,1 0,1 0,1 0,1 0,1 0,1 0,1 0,1 0
0 0,0 0,1 0,1 0,1 0,1 0,1 0,3 0,3 0,15 0,1 0,1 0,1 0,1 0,1 0,1 0,1 0,1 0,1 0,1 0,1 0
1 0,1 0,1 0,1 0,1 0,1 0,1 0,3 0,3 0,1 0,1 0,1 0,1 0,1 0,1 0,1 0,1 0,1 0,1 0,1 0,1 0
1 0,1 0,1 0,1 0,1 0,1 0,1 0,1 0,1 0,1 0,1 0,1 0,1 0,1 0,1 0,1 0,1 0,1 0,1 0,1 0,1 0
1 0,1 0,1 0,1 0,1 0,1 0,1 0,1 0,1 0,1 0,1 0,1 0,1 0,1 0,1 0,1 0,1 0,1 0,1 0,1 0,1 0
1 0,1 0,1 0,1 0,1 0,1 0,1 0,1 0,1 0,1 0,1 0,1 0,1 0,1 0,1 0,1 0,1 0,1 0,1 0,1 0,1 0
1 0,1 0,1 0,1 0,1 0,1 0,1 0,1 0,1 0,1 0,1 0,1 0,1 0,1 0,1 0,1 0,1 0,1 0,1 0,1 0,1 0
0 0,1 0,1 0,1 0,1 0,1 0,1 0,1 0,1 0,1 0,1 0,1 0,1 0,1 0,1 0,1 0,1 0,1 0,1 0,1 0,1 0
1 0,1 0,1 0,1 0,1 0,1 0,1 0,1 0,1 0,1 0,1 0,1 0,1 0,1 0,1 0,1 0,1 0,1 0,1 0,1 0,1 0
1 0,1 0,1 0,1 0,1 0,1 0,1 0,1 0,1 0,1 0,1 0,1 0,1 0,1 0,1 0,1 0,1 0,1 0,1 0,1 0,1 0
1 0,1 0,1 0,1 0,1 0,1 0,1 0,1 0,1 0,1 0,1 0,1 0,1 0,1 0,1 0,1 0,1 0,1 0,1 0,1 0,1 0
1 0,1 0,1 0,1 0,1 0,1 0,1 0,1 0,1 0,1 0,1 0,1 0,1 0,15 0,15 0,1 0,1 0,1 0,1 0,1 0,1 0
1 0,1 0,1 0,1 0,1 0,1 0,1 0,1 0,1 0,1 0,1 0,1 0,1 0,15 0,15 0,1 0,1 0,1 0,1 0,1 0,1 0
1 0,1 0,1 0,67 1,0 0,0 0,0 0,0 0,0 0,1 0,1 0,1 0,1 0,1 0,1 0,1 0,1 0,1 0,1 0,1 0,1 0
1 0,1 0,1 0,67 1,0 0,0 0,0 0,0 0,0 0,1 0,1 0,1 0,1 0,1 0,1 0,1 0,1 0,1 0,1 0,1 0,1 0
1 0,1 0,1 0,1 0,1 0,1 0,1 0,1 0,1 0,1 0,1 0,1 0,1 0,1 0,1 0,1 0,1 0,1 0,1 0,1 0,1 0
1 0,1 0,1 0,1 0,1 0,1 0,1 0,1 0,1 0,1 0,1 0,1 0,1 0,1 0,1 0,1 0,1 0,1 0,1 0,1 0,1 0
1 0,0 0,0 0,0 0,1 0,1 0,1 0,1 0,1 0,1 0,1 0,1 0,1 0,1 0,1 0,1 0,1 0,1 0,1 0,1 0,1 0
1 0,0 0,0 0,0 0,1 0,1 0,1 0,1 0,1 0,1 0,1 0,1 0,1 0,1 0,1 0,1 0,1 0,1 0,1 0,1 0,1 0
0 0,0 0,0 0,1 0,1 0,1 0,1 0,1 0,1 0,1 0,1 0,1 0,1 0,1 0,1 0,1 0,1 0,1 0,1 0,1 0,1 0
0 0,0 0,0 0,1 0,1 0,1 0,1 0,1 0,1 0,1 0,1 0,1 0,1 0,1 0,1 0,1 0,1 0,1 0,1 0,1 0,1 0
0 0,0 0,0 0,1 0,1 0,1 0,1 0,1 0,1 0,1 0,1 0,1 0,1 0,1 0,1 0,1 0,1 0,1 0,1 0,1 0,1 0
0 0,0 0,1 0,1 0,1 0,1 0,1 0,1 0,1 0,1 0,1 0,1 0,1 0,1 0,1 0,1 0,1 0,1 0,1 0,1 0,1 0
1 0,1 0,1 0,1 0,1 0,1 0,1 0,1 0,1 0,1 0,1 0,1 0,1 0,1 0,1 0,1 0,1 0,1 0,1 0,1 0,1 0
1 0,1 0,1 0,1 0,1 0,1 0,1 0,1 0,1 0,1 0,1 0,1 0,1 0,1 0,1 0,1 0,1 0,1 0,1 0,1 0,1 0
1 0,1 0,1 0,1 0,1 0,1 0,1 0,1 0,1 0,1 0,1 0,1 0,1 0,1 0,1 0,1 0,1 0,1 0,1 0,1 0,1 0
1 0,1 0,1 0,1 0,1 0,1 0,1 0,1 0,1 0,1 0,1 0,1 0,1 0,1 0,1 0,1 0,1 0,1 0,1 0,1 0,1 0
1 0,1 0,1 0,1 0,1 0,1 0,1 0,1 0,1 0,1 0,1 0,1 0,1 0,1 0,1 0,1 0,1 0,1 0,1 0,1 0,1 0
0 0,1 0,1 0,1 0,1 0,1 0,1 0,1 0,1 0,1 0,1 0,1 0,1 0,1 0,1 0,1 0,1 0,1 0,1 0,1 0,1 0
1 0,1 0,1 0,1 0,1 0,1 0,1 0,1 0,1 0,1 0,1 0,1 0,1 0,1 0,1 0,1 0,1 0,1 0,1 0,1 0,1 0
1 0,1 0,1 0,1 0,1 0,1 0,1 0,1 0,1 0,1 0,1 0,1 0,1 0,1 0,1 0,1 0,1 0,1 0,1 0,1 0,1 0
1 0,1 0,1 0,1 0,1 0,4 0,1 0,1 0,1 0,1 0,1 0,1 0,1 0,1 0,1 0,1 0,1 0,1 0,1 0,1 0,1 0
1 0,1 0,1 0,1 0,1 0,1 0,1 0,1 0,1 0,1 0,1 0,1 0,1 0,1 0,1 0,1 0,1 0,1 0,1 0,1 0,1 0
1 0,1 0,1 0,1 0,1 0,1 0,1 0,1 0,1 0,1 0,1 0,1 0,1 0,1 0,1 0,1 0,1 0,1 0,1 0,1 0,1 0
1 0,67 1,0 0,0 0,0 0,0 0,0 0,0 0,1 0,1 0,1 0,1 0,1 0,1 0,1 0,1 0,1 0,1 0,1 0,1 0,1 0
1 0,67 1,0 0,0 0,0 0,0 0,0 0,0 0,1 0,1 0,1 0,1 0,1 0,1 0,1 0,1 0,1 0,1 0,1 0,1 0,1 0
1 0,58 0,0 0,0 0,1 0,1 0,1 0,1 0,1 0,1 0,1 0,1 0,1 0,1 0,1 0,1 0,1 0,1 0,1 0,1 0,1 0
1 0,0 0,0 0,0 0,1 0,1 0,1 0,1 0,1 0,1 0,1 0,1 0,1 0,1 0,1 0,1 0,1 0,1 0,1 0,1 0,1 0
1 0,0 0,0 0,0 0,1 0,1 0,1 0,1 0,1 0,1 0,1 0,1 0,1 0,1 0,1 0,1 0,1 0,1 0,1 0,1 0,1 0
1 0,0 0,0 0,0 0,1 0,1 0,1 0,1 0,1 0,1 0,1 0,1 0,1 0,1 0,1 0,1 0,1 0,1 0,1 0,1 0,1 0
0 0,0 0,0 0,1 0,1 0,1 0,1 0,1 0,1 0,1 0,1 0,1 0,1 0,1 0,1 0,1 0,1 0,1 0,1 0,1 0,1 0
1 0,0 0,0 0,1 0,1 0,1 0,1 0,1 0,1 0,1 0,1 0,1 0,1 0,1 0,1 0,1 0,1 0,1 0,1 0,1 0,1 0
1 0,0 0,1 0,1 0,1 0,1 0,1 0,1 0,1 0,1 0,1 0,1 0,1 0,1 0,1 0,1 0,1 0,1 0,1 0,1 0,1 0
1 0,1 0,1 0,1 0,1 0,1 0,1 0,1 0,1 0,1 0,1 0,1 0,1 0,1 0,1 0,1 0,1 0,1 0,1 0,1 0,1 0
1 0,1 0,1 0,1 0,1 0,1 0,1 0,1 0,1 0,1 0,1 0,1 0,1 0,1 0,1 0,1 0,1 0,1 0,1 0,1 0,1 0
1 0,1 0,1 0,1 0,1 0,1 0,1 0,1 0,1 0,1 0,1 0,1 0,1 0,1 0,1 0,1 0,1 0,1 0,1 0,1 0,1 0
1 0,1 0,1 0,1 0,1 0,1 0,1 0,1 0,1 0,1 0,1 0,1 0,1 0,1 0,1 0,1 0,1 0,1 0,1 0,1 0,1 0
1 0,1 0,1 0,1 0,1 0,1 0,1 0,1 0,1 0,1 0,1 0,1 0,1 0,1 0,1 0,1 0,1 0,1 0,1 0,1 0,1 0
1 0,1 0,1 0,1 0,1 0,1 0,1 0,1 0,1 0,1 0,1 0,1 0,1 0,1 0,1 0,1 0,1 0,1 0,1 0,1 0,1 0
0 0,1 0,1 0,1 0,1 0,1 0,1 0,1 0,1 0,1 0,1 0,1 0,1 0,1 0,1 0,1 0,1 0,1 0,1 0,1 0,1 0
1 0,0 0,1 0,1 0,1 0,1 0,1 0,1 0,1 0,1 0,1 0,1 0,1 0,1 0,1 0,1 0,1 0,1 0,1 0,1 0,1 0
1 0,0 0,0 0,0 0,0 0,0 0,0 0,0 0,0 0,0 0,0 0,0 0,0 0,0 0,0 0,0 0,0 0,0 0,4 0,1 0,1 0
1 0,0 0,0 0,0 0,0 0,0 0,0 0,0 0,0 0,0 0,0 0,0 0,0 0,0 0,0 0,0 0,0 0,0 0,0 0,1 0,1 0
1 0,0 0,0 0,0 0,0 0,0 0,0 0,0 0,0 0,0 0,0 0,0 0,0 0,0 0,0 0,0 0,0 0,0 0,0 0,1 0,1 0
1 0,0 0,0 0,0 0,0 0,0 0,0 0,0 0,50 5,0 0,0 0,0 0,50 5,0 0,0 0,0 0,0 0,0 0,0 0,1 0,1 0
1 0,0 0,0 0,0 0,0 0,0 0,0 0,0 0,0 0,0 0,0 0,0 0,0 0,0 0,0 0,0 0,0 0,0 0,0 0,1 0,1 0
1 0,0 0,0 0,0 0,0 0,0 0,0 0,0 0,0 0,0 0,0 0,0 0,0 0,0 0,0 0,0 0,0 0,0 0,0 0,1 0,1 0
1 0,0 0,0 0,0 0,0 0,0 0,0 0,0 0,0 0,0 0,0 0,0 0,0 0,0 0,50 5,0 0,0 0,0 0,0 0,1 0,1 0
1 0,0 0,0 0,0 0,0 0,0 0,0 0,0 0,0 0,0 0,0 0,50 5,0 0,0 0,0 0,0 0,0 0,0 0,0 0,1 0,1 0
1 0,0 0,0 0,0 0,0 0,0 0,0 0,0 0,0 0,0 0,0 0,0 0,0 0,0 0,0 0,0 0,0 0,0 0,0 0,1 0,1 0
1 0,0 0,0 0,0 0,0 0,0 0,0 0,50 5,0 0,0 0,0 0,0 0,0 0,0 0,0 0,0 0,0 0,0 0,0 0,1 0,1 0
1 0,1 0,0 0,0 0,0 0,0 0,0 0,0 0,0 0,50 5,0 0,0 0,0 0,0 0,0 0,0 0,0 0,0 0,0 0,1 0,1 0
1 0,1 0,0 0,0 0,0 0,0 0,0 0,0 0,0 0,0 0,0 0,0 0,0 0,0 0,50 5,0 0,0 0,0 0,0 0,1 0,1 0
1 0,1 0,0 0,0 0,0 0,0 0,0 0,0 0,0 0,0 0,50 5,0 0,0 0,0 0,0 0,0 0,0 0,0 0,0 0,1 0,1 0
1 0,1 0,0 0,0 0,0 0,0 0,0 0,0 0,0 0,0 0,0 0,0 0,0 0,0 0,0 0,0 0,0 0,0 0,0 0,1 0,1 0
1 0,1 0,0 0,0 0,0 0,0 0,0 0,0 0,0 0,0 0,0 0,0 0,0 0,0 0,0 0,0 0,0 0,0 0,0 0,1 0,1 0
1 0,1 0,0 0,0 0,0 0,0 0,0 0,0 0,0 0,0 0,0 0,0 0,0 0,0 0,0 0,0 0,0 0,0 0,0 0,1 0,1 0
1 0,1 0,0 0,0 0,0 0,0 0,0 0,0 0,0 0,0 0,0 0,0 0,0 0,0 0,0 0,0 0,0 0,0 0,0 0,1 0,1 0
1 0,1 0,1 0,1 0,1 0,1 0,0 0,0 0,1 0,1 0,1 0,1 0,1 0,1 0,1 0,1 0,1 0,1 0,1 0,1 0,1 0
1 0,1 0,1 0,1 0,1 0,1 0,0 0,0 0,1 0,1 0,1 0,1 0,1 0,1 0,1 0,1 0,1 0,1 0,1 0,1 0,1 0
0 0,1 0,1 0,1 0,1 0,1 0,1 0,1 0,1 0,1 0,1 0,3 0,3 0,1 0,1 0,1 0,1 0,1 0,1 0,1 0,1 0
1 0,0 0,0 0,1 0,1 0,1 0,1 0,1 0,1 0,1 0,3 0,3 0,3 0,3 0,1 0,1 0,1 0,1 0,1 0,1 0,1 0
1 0,0 0,0 0,0 0,0 0,0 0,0 0,0 0,0 0,0 0,0 0,0 0,0 0,0 0,0 0,0 0,0 0,0 0,0 0,1 0,1 0
1 0,0 0,0 0,0 0,0 0,0 0,0 0,0 0,0 0,0 0,0 0,0 0,0 0,0 0,0 0,0 0,0 0,0 0,4 0,1 0,1 0
1 0,0 0,0 0,0 0,0 0,0 0,0 0,0 0,0 0,0 0,0 0,0 0,0 0,0 0,0 0,0 0,0 0,0 0,0 0,1 0,1 0
1 0,0 0,0 0,0 0,0 0,0 0,0 0,0 0,0 0,0 0,0 0,0 0,0 0,0 0,0 0,0 0,0 0,0 0,0 0,1 0,1 0
1 0,0 0,0 0,0 0,0 0,0 0,0 0,0 0,0 0,0 0,0 0,0 0,0 0,0 0,0 0,0 0,0 0,0 0,0 0,1 0,0 0
1 0,0 0,0 0,0 0,0 0,0 0,0 0,0 0,0 0,0 0,0 0,0 0,0 0,0 0,0 0,0 0,0 0,0 0,0 0,1 0,1 0
1 0,1 0,0 0,0 0,0 0,0 0,0 0,0 0,0 0,0 0,0 0,0 0,0 0,0 0,0 0,0 0,0 0,0 0,0 0,1 0,1 0
1 0,1 0,0 0,0 0,0 0,0 0,0 0,0 0,0 0,0 0,0 0,0 0,0 0,0 0,0 0,0 0,0 0,0 0,0 0,1 0,1 0
1 0,1 0,0 0,0 0,0 0,0 0,0 0,0 0,0 0,0 0,0 0,0 0,0 0,0 0,0 0,0 0,0 0,0 0,0 0,1 0,1 0
1 0,1 0,0 0,0 0,0 0,0 0,0 0,0 0,0 0,0 0,0 0,0 0,0 0,0 0,0 0,0 0,0 0,0 0,0 0,1 0,1 0
1 0,1 0,0 0,0 0,0 0,0 0,0 0,0 0,0 0,0 0,0 0,0 0,0 0,0 0,0 0,0 0,0 0,0 0,0 0,1 0,1 0
1 0,1 0,0 0,0 0,0 0,0 0,0 0,0 0,0 0,0 0,0 0,0 0,0 0,0 0,0 0,0 0,0 0,0 0,0 0,1 0,1 0
1 0,1 0,0 0,0 0,0 0,0 0,0 0,0 0,0 0,0 0,0 0,0 0,0 0,0 0,0 0,0 0,0 0,0 0,0 0,1 0,1 0
1 0,1 0,0 0,0 0,0 0,0 0,0 0,0 0,0 0,0 0,0 0,0 0,0 0,0 0,0 0,0 0,0 0,0 0,0 0,1 0,1 0
1 0,1 0,0 0,0 0,0 0,0 0,0 0,0 0,0 0,0 0,0 0,0 0,0 0,0 0,0 0,0 0,0 0,0 0,0 0,1 0,1 0
1 0,1 0,0 0,0 0,0 0,0 0,0 0,0 0,0 0,0 0,0 0,0 0,0 0,0 0,0 0,0 0,0 0,0 0,0 0,1 0,1 0
1 0,1 0,0 0,0 0,0 0,0 0,0 0,0 0,0 0,0 0,0 0,0 0,0 0,0 0,0 0,0 0,0 0,0 0,0 0,1 0,1 0
1 0,1 0,1 0,1 0,1 0,1 0,0 0,0 0,1 0,1 0,1 0,1 0,1 0,1 0,1 0,1 0,1 0,1 0,1 0,1 0,1 0
1 0,1 0,1 0,1 0,1 0,1 0,0 0,0 0,1 0,1 0,1 0,1 0,1 0,1 0,1 0,1 0,1 0,1 0,1 0,15 0,1 0
1 0,1 0,1 0,1 0,1 0,1 0,1 0,1 0,1 0,1 0,3 0,3 0,3 0,3 0,1 0,1 0,1 0,1 0,1 0,1 0,1 0
1 0,0 0,0 0,1 0,1 0,1 0,1 0,1 0,1 0,1 0,3 0,3 0,3 0,3 0,1 0,1 0,1 0,1 0,1 0,1 0,1 0
1 0,0 0,0 0,0 0,0 0,0 0,0 0,0 0,0 0,0 0,50 3,0 0,0 0,0 0,50 3,0 0,0 0,0 0,50 3,1 0,1 0
1 0,0 0,0 0,0 0,0 0,0 0,0 0,0 0,0 0,0 0,0 0,0 0,0 0,0 0,0 0,0 0,0 0,0 0,0 0,1 0,1 0
1 0,0 0,0 0,0 0,0 0,0 0,0 0,0 0,0 0,0 0,0 0,0 0,0 0,0 0,0 0,0 0,0 0,0 0,0 0,1 0,1 0
1 0,0 0,0 0,0 0,0 0,0 0,0 0,0 0,0 0,0 0,0 0,0 0,0 0,0 0,0 0,0 0,0 0,0 0,4 0,1 0,1 0
1 0,0 0,0 0,0 0,0 0,0 0,0 0,0 0,0 0,0 0,0 0,0 0,0 0,0 0,0 0,0 0,0 0,0 0,0 0,1 0,1 0
1 0,0 0,0 0,0 0,0 0,0 0,0 0,0 0,0 0,0 0,0 0,0 0,0 0,0 0,0 0,0 0,0 0,0 0,0 0,1 0,1 0
1 0,1 0,0 0,0 0,0 0,0 0,0 0,0 0,0 0,0 0,0 0,0 0,0 0,0 0,0 0,0 0,0 0,0 0,0 0,1 0,1 0
1 0,1 0,0 0,0 0,0 0,0 0,0 0,0 0,0 0,0 0,0 0,0 0,0 0,0 0,0 0,0 0,0 0,0 0,0 0,1 0,1 0
1 0,1 0,0 0,0 0,0 0,0 0,0 0,0 0,0 0,0 0,0 0,0 0,0 0,0 0,0 0,0 0,0 0,0 0,0 0,1 0,1 0
1 0,1 0,0 0,0 0,0 0,0 0,0 0,0 0,0 0,0 0,0 0,0 0,0 0,0 0,0 0,0 0,0 0,0 0,0 0,1 0,1 0
1 0,1 0,0 0,0 0,0 0,0 0,0 0,0 0,0 0,0 0,0 0,0 0,0 0,0 0,0 0,0 0,0 0,0 0,0 0,1 0,1 0
1 0,1 0,0 0,0 0,0 0,0 0,0 0,0 0,0 0,0 0,0 0,0 0,0 0,0 0,0 0,0 0,0 0,0 0,0 0,1 0,1 0
1 0,1 0,0 0,0 0,0 0,0 0,0 0,0 0,0 0,0 0,0 0,0 0,0 0,0 0,0 0,0 0,0 0,0 0,0 0,1 0,1 0
1 0,1 0,0 0,0 0,0 0,0 0,0 0,0 0,0 0,0 0,0 0,0 0,0 0,0 0,0 0,0 0,0 0,0 0,0 0,1 0,1 0
1 0,1 0,0 0,0 0,0 0,0 0,0 0,0 0,0 0,0 0,0 0,0 0,0 0,0 0,0 0,0 0,0 0,0 0,0 0,1 0,1 0
1 0,1 0,0 0,0 0,0 0,0 0,0 0,0 0,0 0,0 0,0 0,0 0,0 0,0 0,0 0,0 0,0 0,0 0,0 0,1 0,1 0
1 0,1 0,50 4,0 0,0 0,0 0,0 0,0 0,0 0,0 0,0 0,0 0,0 0,0 0,0 0,0 0,0 0,0 0,0 0,1 0,1 0
1 0,1 0,1 0,1 0,1 0,1 0,0 0,0 0,1 0,1 0,1 0,1 0,1 0,1 0,1 0,1 0,1 0,1 0,1 0,1 0,1 0
1 0,1 0,1 0,1 0,1 0,1 0,0 0,0 0,1 0,1 0,1 0,1 0,1 0,1 0,1 0,1 0,1 0,1 0,1 0,15 0,1 0
3 0,1 0,1 0,1 0,1 0,1 0,1 0,1 0,1 0,1 0,3 0,3 0,3 0,3 0,1 0,1 0,1 0,1 0,1 0,1 0,1 0
1 0,1 0,1 0,1 0,1 0,1 0,1 0,1 0,1 0,1 0,3 0,3 0,3 0,3 0,1 0,1 0,1 0,1 0,1 0,1 0,1 0
1 0,1 0,50 3,1 0,1 0,1 0,1 0,1 0,1 0,1 0,3 0,3 0,3 0,3 0,1 0,1 0,1 0,1 0,0 0,1 0,1 0
1 0,1 0,1 0,1 0,1 0,1 0,1 0,1 0,1 0,1 0,3 0,3 0,3 0,3 0,1 0,1 0,1 0,1 0,0 0,1 0,1 0
1 0,1 0,1 0,1 0,1 0,1 0,1 0,1 0,1 0,1 0,3 0,3 0,3 0,3 0,1 0,1 0,1 0,1 0,0 0,1 0,1 0
1 0,1 0,1 0,1 0,1 0,1 0,1 0,1 0,1 0,1 0,1 0,3 0,3 0,1 0,1 0,1 0,1 0,1 0,0 0,1 0,1 0
1 0,0 0,0 0,1 0,1 0,1 0,1 0,1 0,1 0,1 0,1 0,1 0,1 0,1 0,1 0,1 0,1 0,1 0,1 0,1 0,1 0
1 0,0 0,0 0,1 0,1 0,1 0,1 0,1 0,1 0,1 0,1 0,1 0,1 0,1 0,1 0,1 0,1 0,1 0,1 0,1 0,1 0
1 0,1 0,1 0,1 0,1 0,1 0,1 0,1 0,1 0,1 0,1 0,1 0,1 0,1 0,1 0,1 0,1 0,1 0,1 0,1 0,1 0
1 0,1 0,1 0,1 0,1 0,1 0,1 0,1 0,1 0,1 0,1 0,1 0,1 0,1 0,1 0,1 0,1 0,1 0,1 0,1 0,1 0
1 0,1 0,1 0,1 0,1 0,1 0,1 0,1 0,1 0,1 0,1 0,1 0,1 0,1 0,1 0,1 0,1 0,1 0,1 0,1 0,1 0
1 0,1 0,1 0,1 0,1 0,1 0,1 0,1 0,1 0,1 0,4 0,4 0,1 0,1 0,1 0,1 0,1 0,1 0,1 0,1 0,1 0
1 0,1 0,1 0,1 0,1 0,1 0,1 0,1 0,1 0,1 0,1 0,1 0,1 0,1 0,1 0,1 0,1 0,1 0,1 0,1 0,1 0
1 0,1 0,1 0,1 0,1 0,1 0,1 0,1 0,1 0,1 0,1 0,1 0,1 0,1 0,1 0,1 0,1 0,1 0,1 0,1 0,1 0
1 0,1 0,1 0,1 0,1 0,1 0,1 0,1 0,1 0,1 0,1 0,1 0,1 0,1 0,1 0,1 0,1 0,1 0,1 0,1 0,1 0
1 0,1 0,1 0,1 0,1 0,1 0,1 0,1 0,1 0,1 0,1 0,1 0,1 0,1 0,1 0,1 0,1 0,1 0,1 0,1 0,1 0
1 0,1 0,1 0,1 0,1 0,1 0,1 0,1 0,1 0,1 0,1 0,1 0,1 0,1 0,1 0,1 0,1 0,1 0,1 0,1 0,1 0
1 0,1 0,1 0,1 0,1 0,1 0,1 0,1 0,1 0,1 0,1 0,1 0,1 0,1 0,1 0,1 0,1 0,1 0,1 0,1 0,1 0
1 0,1 0,0 0,1 0,1 0,1 0,1 0,1 0,1 0,1 0,1 0,1 0,1 0,1 0,1 0,1 0,1 0,1 0,0 0,1 0,1 0
1 0,1 0,1 0,1 0,1 0,1 0,1 0,1 0,1 0,1 0,1 0,1 0,1 0,1 0,13 0,13 0,1 0,1 0,1 0,1 0,1 0
1 0,1 0,1 0,1 0,1 0,1 0,1 0,1 0,1 0,1 0,1 0,1 0,1 0,1 0,13 0,13 0,1 0,1 0,1 0,1 0,1 0
3 0,1 0,1 0,1 0,1 0,1 0,1 0,1 0,1 0,1 0,3 0,3 0,3 0,3 0,1 0,1 0,1 0,1 0,1 0,1 0,1 0
1 0,1 0,1 0,1 0,1 0,1 0,1 0,1 0,1 0,1 0,3 0,3 0,3 0,3 0,1 0,1 0,1 0,1 0,1 0,1 0,1 0
1 0,1 0,0 0,1 0,1 0,1 0,4 0,1 0,1 0,1 0,3 0,3 0,3 0,1 0,1 0,1 0,1 0,1 0,0 0,1 0,1 0
1 0,1 0,1 0,1 0,1 0,1 0,1 0,1 0,1 0,1 0,1 0,3 0,3 0,1 0,1 0,1 0,1 0,1 0,0 0,1 0,1 0
1 0,1 0,1 0,1 0,1 0,1 0,1 0,1 0,1 0,1 0,1 0,1 0,1 0,1 0,1 0,1 0,1 0,1 0,0 0,1 0,1 0
1 0,1 0,1 0,1 0,1 0,1 0,1 0,1 0,1 0,1 0,1 0,1 0,1 0,1 0,1 0,1 0,1 0,0 0,0 0,1 0,1 0
1 0,1 0,1 0,1 0,1 0,1 0,1 0,1 0,1 0,1 0,1 0,1 0,1 0,1 0,1 0,1 0,1 0,1 0,1 0,1 0,1 0
1 0,1 0,1 0,1 0,1 0,1 0,1 0,1 0,1 0,1 0,1 0,1 0,1 0,1 0,1 0,1 0,1 0,1 0,1 0,1 0,1 0
1 0,1 0,1 0,1 0,1 0,1 0,1 0,1 0,1 0,1 0,1 0,1 0,1 0,1 0,1 0,1 0,1 0,1 0,1 0,1 0,1 0
1 0,1 0,1 0,1 0,1 0,1 0,1 0,1 0,1 0,1 0,1 0,1 0,1 0,1 0,1 0,1 0,1 0,1 0,1 0,1 0,1 0
1 0,1 0,1 0,1 0,1 0,1 0,1 0,1 0,1 0,1 0,1 0,1 0,1 0,1 0,1 0,1 0,1 0,1 0,1 0,1 0,1 0
1 0,1 0,1 0,1 0,1 0,1 0,1 0,1 0,1 0,1 0,1 0,1 0,1 0,1 0,1 0,1 0,1 0,1 0,4 0,1 0,1 0
1 0,1 0,1 0,1 0,1 0,1 0,1 0,1 0,1 0,1 0,1 0,1 0,1 0,1 0,1 0,1 0,1 0,1 0,4 0,1 0,1 0
1 0,1 0,1 0,1 0,1 0,1 0,1 0,1 0,1 0,1 0,1 0,1 0,1 0,1 0,1 0,1 0,1 0,1 0,4 0,1 0,1 0
1 0,1 0,1 0,1 0,1 0,1 0,1 0,1 0,1 0,1 0,1 0,1 0,1 0,1 0,1 0,1 0,1 0,1 0,4 0,1 0,1 0
1 0,1 0,1 0,1 0,1 0,1 0,1 0,1 0,1 0,1 0,1 0,1 0,1 0,1 0,1 0,1 0,1 0,1 0,4 0,1 0,1 0
1 0,1 0,1 0,1 0,1 0,1 0,1 0,1 0,1 0,1 0,1 0,1 0,1 0,1 0,1 0,1 0,1 0,1 0,4 0,1 0,1 0
1 0,1 0,1 0,1 0,1 0,1 0,1 0,1 0,1 0,1 0,1 0,1 0,1 0,1 0,1 0,1 0,1 0,1 0,4 0,1 0,1 0
1 0,1 0,0 0,1 0,1 0,1 0,1 0,1 0,1 0,1 0,1 0,1 0,1 0,1 0,1 0,1 0,1 0,1 0,0 0,1 0,1 0
1 0,1 0,1 0,1 0,1 0,1 0,1 0,1 0,1 0,1 0,1 0,1 0,1 0,1 0,13 0,13 0,1 0,1 0,1 0,1 0,1 0
1 0,1 0,1 0,1 0,1 0,1 0,1 0,1 0,1 0,1 0,1 0,1 0,1 0,1 0,13 0,13 0,13 0,1 0,1 0,1 0,1 0
3 0,1 0,1 0,1 0,1 0,1 0,1 0,1 0,1 0,1 0,1 0,1 0,1 0,1 0,1 0,1 0,1 0,1 0,1 0,1 0,1 0
1 0,1 0,1 0,1 0,1 0,1 0,1 0,13 0,13 0,1 0,1 0,1 0,1 0,1 0,1 0,1 0,1 0,1 0,1 0,1 0,1 0
1 0,1 0,0 0,0 0,0 0,0 0,0 0,0 0,0 0,0 0,0 0,0 0,0 0,0 0,0 0,0 0,0 0,0 0,0 0,1 0,1 0
1 0,1 0,0 0,0 0,0 0,4 0,0 0,0 0,0 0,0 0,0 0,0 0,0 0,0 0,0 0,0 0,0 0,0 0,0 0,1 0,1 0
1 0,1 0,0 0,0 0,0 0,4 0,0 0,0 0,0 0,0 0,0 0,0 0,0 0,0 0,0 0,0 0,0 0,0 0,0 0,1 0,1 0
1 0,1 0,0 0,0 0,0 0,0 0,0 0,0 0,0 0,0 0,0 0,0 0,0 0,0 0,0 0,0 0,0 0,0 0,0 0,1 0,1 0
1 0,1 0,0 0,0 0,0 0,0 0,0 0,0 0,50 5,0 0,0 0,0 0,0 0,50 5,0 0,0 0,0 0,0 0,0 0,1 0,1 0
1 0,1 0,0 0,0 0,0 0,0 0,0 0,0 0,0 0,0 0,0 0,0 0,0 0,0 0,0 0,0 0,0 0,0 0,0 0,1 0,1 0
1 0,1 0,0 0,0 0,0 0,0 0,0 0,0 0,0 0,0 0,0 0,0 0,0 0,0 0,0 0,0 0,0 0,0 0,0 0,1 0,1 0
1 0,1 0,0 0,0 0,0 0,0 0,0 0,0 0,0 0,0 0,0 0,0 0,0 0,0 0,0 0,0 0,0 0,0 0,0 0,1 0,1 0
1 0,1 0,0 0,0 0,0 0,0 0,0 0,0 0,0 0,50 5,0 0,0 0,0 0,0 0,0 0,0 0,0 0,0 0,0 0,1 0,1 0
1 0,1 0,0 0,0 0,0 0,0 0,0 0,0 0,0 0,0 0,0 0,0 0,0 0,0 0,0 0,0 0,0 0,0 0,0 0,1 0,1 0
15 0,1 0,0 0,0 0,0 0,0 0,0 0,0 0,0 0,0 0,0 0,0 0,0 0,0 0,0 0,50 5,0 0,0 0,0 0,1 0,1 0
1 0,1 0,0 0,0 0,0 0,0 0,0 0,0 0,0 0,0 0,0 0,0 0,0 0,0 0,0 0,0 0,0 0,0 0,0 0,1 0,1 0
1 0,1 0,0 0,0 0,0 0,0 0,0 0,0 0,0 0,0 0,0 0,0 0,0 0,0 0,0 0,0 0,0 0,0 0,0 0,1 0,1 0
1 0,1 0,0 0,0 0,0 0,0 0,0 0,0 0,0 0,0 0,0 0,0 0,0 0,0 0,0 0,0 0,0 0,0 0,0 0,1 0,1 0
1 0,1 0,0 0,0 0,0 0,0 0,0 0,0 0,0 0,0 0,0 0,0 0,0 0,0 0,0 0,0 0,0 0,0 0,0 0,1 0,1 0
1 0,1 0,0 0,0 0,0 0,0 0,0 0,0 0,0 0,0 0,0 0,0 0,0 0,0 0,0 0,0 0,0 0,0 0,0 0,1 0,1 0
1 0,1 0,0 0,0 0,0 0,0 0,0 0,0 0,0 0,0 0,0 0,0 0,0 0,0 0,0 0,0 0,0 0,0 0,0 0,1 0,1 0
1 0,1 0,1 0,1 0,1 0,1 0,1 0,1 0,1 0,1 0,1 0,1 0,1 0,1 0,1 0,1 0,3 0,3 0,1 0,1 0,1 0
1 0,1 0,1 0,1 0,1 0,1 0,1 0,1 0,1 0,1 0,1 0,1 0,1 0,1 0,1 0,13 0,3 0,1 0,1 0,1 0,1 0
3 0,1 0,1 0,1 0,1 0,1 0,1 0,13 0,13 0,13 0,1 0,1 0,1 0,1 0,1 0,1 0,1 0,1 0,1 0,1 0,1 0
1 0,1 0,1 0,1 0,1 0,1 0,13 0,13 0,13 0,13 0,1 0,1 0,1 0,1 0,1 0,1 0,1 0,1 0,1 0,1 0,1 0
1 0,1 0,0 0,0 0,0 0,0 0,0 0,0 0,0 0,0 0,0 0,0 0,0 0,0 0,0 0,0 0,0 0,0 0,0 0,1 0,1 0
1 0,1 0,0 0,0 0,0 0,0 0,0 0,0 0,0 0,0 0,0 0,0 0,0 0,0 0,0 0,0 0,0 0,0 0,0 0,1 0,1 0
1 0,1 0,0 0,0 0,0 0,4 0,0 0,0 0,0 0,0 0,0 0,0 0,0 0,0 0,0 0,0 0,0 0,0 0,0 0,1 0,1 0
0 0,1 0,0 0,0 0,0 0,0 0,0 0,0 0,0 0,0 0,0 0,0 0,0 0,0 0,0 0,0 0,0 0,0 0,0 0,1 0,1 0
1 0,1 0,0 0,0 0,0 0,0 0,0 0,0 0,0 0,0 0,0 0,0 0,0 0,0 0,0 0,0 0,0 0,0 0,0 0,1 0,1 0
1 0,1 0,0 0,0 0,0 0,0 0,0 0,0 0,0 0,0 0,0 0,0 0,0 0,0 0,0 0,0 0,0 0,0 0,0 0,1 0,1 0
1 0,1 0,0 0,0 0,0 0,0 0,0 0,0 0,0 0,0 0,0 0,0 0,0 0,0 0,0 0,0 0,0 0,0 0,0 0,1 0,1 0
1 0,1 0,0 0,0 0,0 0,0 0,0 0,0 0,0 0,0 0,0 0,0 0,0 0,0 0,0 0,0 0,0 0,0 0,0 0,1 0,1 0
1 0,1 0,0 0,0 0,0 0,0 0,0 0,0 0,0 0,0 0,0 0,0 0,0 0,0 0,0 0,0 0,0 0,0 0,0 0,1 0,1 0
1 0,1 0,0 0,0 0,0 0,0 0,0 0,0 0,0 0,0 0,0 0,0 0,0 0,0 0,0 0,0 0,0 0,0 0,0 0,1 0,1 0
15 0,1 0,0 0,0 0,0 0,0 0,0 0,0 0,0 0,0 0,0 0,0 0,0 0,0 0,0 0,0 0,0 0,0 0,0 0,1 0,1 0
1 0,1 0,0 0,0 0,0 0,0 0,0 0,0 0,0 0,0 0,0 0,0 0,0 0,0 0,0 0,0 0,0 0,0 0,0 0,1 0,1 0
1 0,1 0,0 0,0 0,0 0,0 0,0 0,0 0,0 0,0 0,0 0,0 0,0 0,0 0,0 0,0 0,0 0,0 0,0 0,3 0,1 0
1 0,1 0,0 0,0 0,0 0,0 0,0 0,0 0,0 0,0 0,0 0,0 0,0 0,0 0,0 0,0 0,0 0,0 0,0 0,3 0,3 0
1 0,1 0,0 0,0 0,0 0,0 0,0 0,0 0,0 0,0 0,0 0,0 0,0 0,0 0,0 0,0 0,0 0,0 0,0 0,3 0,3 0
1 0,1 0,0 0,0 0,0 0,0 0,0 0,0 0,0 0,0 0,0 0,0 0,0 0,0 0,0 0,0 0,0 0,0 0,0 0,3 0,1 0
1 0,1 0,0 0,0 0,0 0,0 0,0 0,0 0,0 0,0 0,0 0,0 0,0 0,0 0,0 0,0 0,0 0,0 0,0 0,1 0,1 0
1 0,1 0,1 0,1 0,1 0,1 0,1 0,1 0,1 0,1 0,1 0,1 0,1 0,1 0,1 0,3 0,3 0,3 0,3 0,1 0,1 0
1 0,1 0,1 0,1 0,1 0,1 0,1 0,1 0,1 0,16 0,1 0,1 0,1 0,1 0,1 0,3 0,3 0,3 0,3 0,1 0,1 0
3 0,1 0,1 0,1 0,1 0,1 0,1 0,13 0,13 0,13 0,1 0,1 0,1 0,1 0,1 0,1 0,1 0,1 0,1 0,1 0,1 0
1 0,1 0,1 0,1 0,1 0,13 0,13 0,13 0,13 0,13 0,1 0,1 0,1 0,1 0,1 0,1 0,1 0,1 0,1 0,1 0,1 0
1 0,1 0,50 3,0 0,0 0,0 0,0 0,50 3,0 0,0 0,50 3,0 0,0 0,0 0,50 3,0 0,0 0,0 0,50 3,1 0,1 0
1 0,1 0,0 0,0 0,0 0,0 0,0 0,0 0,0 0,0 0,0 0,0 0,0 0,0 0,0 0,0 0,0 0,0 0,0 0,1 0,1 0
1 0,1 0,0 0,0 0,0 0,0 0,0 0,0 0,0 0,0 0,0 0,0 0,0 0,0 0,0 0,0 0,0 0,0 0,0 0,1 0,1 0
0 0,1 0,0 0,0 0,0 0,4 0,0 0,0 0,0 0,0 0,0 0,0 0,0 0,0 0,0 0,0 0,0 0,0 0,0 0,1 0,1 0
1 0,1 0,0 0,0 0,0 0,4 0,0 0,0 0,0 0,0 0,0 0,0 0,0 0,0 0,0 0,0 0,0 0,0 0,0 0,1 0,1 0
1 0,1 0,50 1,0 0,0 0,0 0,0 0,0 0,0 0,0 0,0 0,0 0,0 0,0 0,0 0,0 0,0 0,0 0,0 0,1 0,1 0
1 0,1 0,0 0,0 0,0 0,0 0,0 0,0 0,0 0,0 0,0 0,0 0,0 0,0 0,0 0,0 0,0 0,0 0,0 0,1 0,1 0
1 0,1 0,0 0,0 0,0 0,0 0,0 0,0 0,0 0,0 0,0 0,0 0,0 0,0 0,0 0,0 0,0 0,0 0,0 0,1 0,1 0
1 0,1 0,50 1,0 0,0 0,0 0,0 0,0 0,0 0,0 0,0 0,0 0,0 0,0 0,0 0,0 0,0 0,0 0,0 0,1 0,1 0
1 0,1 0,0 0,0 0,0 0,0 0,0 0,0 0,0 0,0 0,0 0,0 0,0 0,0 0,0 0,0 0,0 0,0 0,0 0,1 0,1 0
1 0,1 0,0 0,0 0,0 0,0 0,0 0,0 0,0 0,0 0,0 0,0 0,0 0,0 0,0 0,0 0,0 0,0 0,0 0,1 0,1 0
1 0,1 0,50 1,0 0,0 0,0 0,0 0,0 0,0 0,0 0,0 0,0 0,0 0,0 0,0 0,0 0,0 0,0 0,0 0,1 0,1 0
1 0,1 0,0 0,0 0,0 0,0 0,0 0,0 0,0 0,0 0,0 0,0 0,0 0,0 0,0 0,0 0,0 0,0 0,0 0,3 0,3 0
1 0,1 0,0 0,0 0,0 0,0 0,0 0,0 0,0 0,0 0,0 0,0 0,0 0,0 0,0 0,0 0,0 0,0 0,0 0,3 0,3 0
1 0,1 0,0 0,0 0,0 0,0 0,0 0,0 0,0 0,0 0,0 0,0 0,0 0,0 0,0 0,0 0,0 0,0 0,0 0,3 0,3 0
1 0,1 0,0 0,0 0,0 0,0 0,0 0,0 0,0 0,0 0,0 0,0 0,0 0,0 0,0 0,0 0,0 0,0 0,0 0,4 0,3 0
1 0,1 0,50 4,0 0,0 0,0 0,0 0,0 0,0 0,0 0,0 0,0 0,0 0,0 0,0 0,0 0,0 0,0 0,0 0,3 0,1 0
1 0,1 0,1 0,1 0,1 0,1 0,1 0,1 0,1 0,1 0,1 0,1 0,1 0,1 0,1 0,3 0,3 0,3 0,3 0,1 0,1 0
1 0,1 0,1 0,1 0,1 0,1 0,1 0,1 0,1 0,1 0,1 0,1 0,1 0,1 0,16 0,16 0,3 0,3 0,3 0,1 0,1 0
3 0,1 0,1 0,1 0,1 0,1 0,1 0,1 0,1 0,1 0,1 0,1 0,1 0,1 0,1 0,1 0,1 0,1 0,1 0,1 0,1 0
1 0,1 0,1 0,1 0,1 0,1 0,13 0,13 0,13 0,1 0,1 0,1 0,1 0,1 0,1 0,1 0,1 0,1 0,1 0,1 0,1 0
1 0,1 0,0 0,1 0,1 0,1 0,1 0,1 0,0 0,1 0,1 0,1 0,1 0,1 0,1 0,1 0,1 0,1 0,0 0,1 0,1 0
1 0,1 0,1 0,0 0,0 0,0 0,1 0,1 0,0 0,1 0,1 0,1 0,1 0,1 0,1 0,1 0,1 0,1 0,1 0,1 0,1 0
1 0,1 0,1 0,0 0,0 0,0 0,1 0,0 0,1 0,1 0,1 0,1 0,1 0,1 0,1 0,1 0,1 0,1 0,1 0,1 0,1 0
0 0,1 0,0 0,0 0,0 0,0 0,0 0,1 0,1 0,1 0,1 0,1 0,1 0,1 0,1 0,1 0,1 0,1 0,1 0,1 0,1 0
0 0,1 0,0 0,0 0,0 0,4 0,1 0,1 0,1 0,1 0,1 0,1 0,1 0,1 0,1 0,1 0,1 0,1 0,1 0,1 0,1 0
1 0,1 0,0 0,0 0,1 0,1 0,1 0,1 0,1 0,1 0,1 0,1 0,1 0,1 0,1 0,1 0,1 0,1 0,1 0,1 0,1 0
1 0,1 0,1 0,1 0,1 0,1 0,1 0,1 0,1 0,1 0,1 0,1 0,1 0,1 0,1 0,1 0,1 0,1 0,1 0,1 0,1 0
1 0,1 0,1 0,1 0,1 0,1 0,1 0,1 0,1 0,1 0,1 0,1 0,1 0,1 0,1 0,1 0,1 0,1 0,1 0,1 0,1 0
1 0,1 0,1 0,1 0,1 0,1 0,1 0,1 0,1 0,1 0,1 0,1 0,1 0,1 0,1 0,1 0,1 0,1 0,1 0,1 0,1 0
1 0,1 0,1 0,1 0,1 0,0 0,1 0,1 0,1 0,1 0,1 0,1 0,1 0,1 0,1 0,1 0,1 0,1 0,1 0,1 0,1 0
1 0,1 0,1 0,1 0,1 0,0 0,1 0,1 0,1 0,1 0,1 0,1 0,1 0,1 0,1 0,1 0,1 0,1 0,1 0,1 0,1 0
1 0,1 0,1 0,1 0,1 0,1 0,1 0,0 0,1 0,1 0,1 0,1 0,1 0,1 0,1 0,1 0,1 0,1 0,1 0,1 0,1 0
1 0,1 0,1 0,1 0,1 0,1 0,1 0,0 0,1 0,1 0,1 0,1 0,1 0,1 0,1 0,1 0,1 0,1 0,3 0,3 0,3 0
1 0,1 0,1 0,1 0,1 0,1 0,1 0,1 0,1 0,1 0,1 0,1 0,1 0,1 0,1 0,1 0,1 0,3 0,1 0,3 0,3 0
1 0,1 0,1 0,1 0,1 0,1 0,1 0,1 0,1 0,1 0,1 0,1 0,1 0,1 0,1 0,1 0,1 0,3 0,1 0,3 0,3 0
1 0,1 0,1 0,1 0,1 0,1 0,1 0,1 0,1 0,1 0,1 0,1 0,1 0,1 0,1 0,1 0,3 0,3 0,1 0,3 0,3 0
1 0,1 0,0 0,1 0,1 0,1 0,1 0,1 0,1 0,1 0,1 0,1 0,1 0,1 0,1 0,1 0,3 0,3 0,1 0,3 0,1 0
1 0,1 0,1 0,1 0,1 0,1 0,1 0,1 0,1 0,1 0,1 0,1 0,1 0,1 0,1 0,3 0,3 0,3 0,3 0,1 0,1 0
1 0,1 0,1 0,1 0,1 0,1 0,1 0,1 0,1 0,1 0,1 0,1 0,1 0,1 0,16 0,16 0,3 0,3 0,1 0,1 0,1 0
3 0,1 0,1 0,1 0,1 0,1 0,1 0,1 0,1 0,1 0,1 0,1 0,1 0,1 0,1 0,1 0,1 0,1 0,1 0,1 0,1 0
1 0,1 0,1 0,1 0,1 0,1 0,1 0,1 0,1 0,1 0,1 0,1 0,1 0,1 0,1 0,1 0,1 0,1 0,1 0,1 0,1 0
1 0,1 0,0 0,1 0,1 0,1 0,1 0,1 0,1 0,1 0,1 0,1 0,1 0,1 0,1 0,1 0,1 0,1 0,0 0,1 0,1 0
1 0,1 0,1 0,1 0,1 0,1 0,1 0,1 0,1 0,1 0,1 0,1 0,1 0,1 0,1 0,1 0,1 0,1 0,1 0,1 0,1 0
1 0,1 0,1 0,1 0,1 0,0 0,1 0,1 0,1 0,1 0,1 0,1 0,1 0,1 0,1 0,1 0,1 0,1 0,1 0,1 0,1 0
1 0,1 0,1 0,1 0,0 0,0 0,1 0,1 0,1 0,1 0,1 0,1 0,1 0,1 0,1 0,1 0,1 0,1 0,1 0,1 0,1 0
1 0,1 0,1 0,1 0,0 0,0 0,1 0,1 0,1 0,1 0,1 0,1 0,1 0,1 0,1 0,1 0,1 0,1 0,1 0,1 0,1 0
1 0,1 0,43 0,43 0,44 0,44 0,1 0,1 0,1 0,1 0,1 0,1 0,1 0,1 0,1 0,1 0,1 0,1 0,1 0,1 0,1 0
1 0,1 0,1 0,1 0,1 0,1 0,1 0,1 0,1 0,1 0,1 0,1 0,1 0,1 0,1 0,1 0,1 0,1 0,1 0,1 0,1 0
1 0,1 0,1 0,1 0,1 0,1 0,1 0,1 0,1 0,1 0,1 0,1 0,1 0,1 0,1 0,1 0,1 0,1 0,1 0,1 0,1 0
1 0,1 0,1 0,1 0,1 0,1 0,1 0,1 0,1 0,1 0,1 0,1 0,1 0,1 0,1 0,1 0,1 0,1 0,1 0,1 0,1 0
1 0,1 0,1 0,1 0,1 0,1 0,1 0,1 0,1 0,1 0,1 0,1 0,1 0,1 0,1 0,1 0,1 0,1 0,1 0,1 0,1 0
1 0,1 0,1 0,1 0,1 0,1 0,1 0,1 0,1 0,1 0,1 0,1 0,1 0,1 0,1 0,1 0,1 0,1 0,1 0,1 0,1 0
1 0,1 0,1 0,1 0,1 0,1 0,1 0,1 0,1 0,1 0,1 0,1 0,1 0,1 0,1 0,1 0,1 0,1 0,1 0,1 0,1 0
1 0,1 0,1 0,1 0,1 0,1 0,1 0,1 0,1 0,1 0,1 0,1 0,1 0,1 0,1 0,1 0,1 0,1 0,1 0,1 0,1 0
1 0,1 0,1 0,1 0,1 0,1 0,1 0,1 0,1 0,1 0,1 0,1 0,1 0,1 0,1 0,1 0,1 0,1 0,1 0,3 0,3 0
1 0,1 0,1 0,1 0,3 0,3 0,1 0,1 0,1 0,1 0,1 0,1 0,1 0,1 0,1 0,1 0,1 0,1 0,1 0,3 0,1 0
1 0,1 0,1 0,3 0,3 0,3 0,1 0,1 0,1 0,1 0,1 0,1 0,1 0,1 0,1 0,1 0,1 0,1 0,1 0,1 0,1 0
1 0,1 0,1 0,1 0,3 0,1 0,1 0,1 0,1 0,1 0,1 0,1 0,1 0,1 0,1 0,1 0,1 0,1 0,1 0,1 0,1 0
1 0,1 0,1 0,1 0,1 0,1 0,1 0,1 0,1 0,1 0,1 0,1 0,1 0,1 0,1 0,1 0,1 0,1 0,1 0,1 0,1 0
1 0,1 0,1 0,1 0,1 0,1 0,1 0,1 0,1 0,1 0,1 0,1 0,1 0,1 0,1 0,1 0,1 0,1 0,1 0,1 0,1 0
3 0,1 0,1 0,1 0,1 0,1 0,1 0,1 0,1 0,1 0,1 0,1 0,1 0,1 0,1 0,1 0,1 0,1 0,1 0,1 0,1 0
1 0,1 0,1 0,1 0,1 0,1 0,1 0,1 0,1 0,1 0,1 0,1 0,1 0,1 0,1 0,1 0,1 0,1 0,1 0,1 0,1 0
1 0,1 0,50 3,0 0,0 0,0 0,50 5,0 0,0 0,0 0,50 5,0 0,0 0,0 0,50 5,0 0,0 0,0 0,50 3,1 0,1 0
1 0,1 0,0 0,0 0,0 0,0 0,0 0,0 0,0 0,0 0,0 0,0 0,0 0,0 0,0 0,0 0,0 0,0 0,0 0,1 0,1 0
1 0,1 0,0 0,0 0,0 0,0 0,0 0,0 0,0 0,0 0,0 0,0 0,0 0,0 0,0 0,0 0,0 0,0 0,0 0,1 0,1 0
1 0,1 0,0 0,0 0,0 0,0 0,0 0,0 0,0 0,0 0,0 0,0 0,0 0,0 0,0 0,0 0,0 0,0 0,0 0,1 0,1 0
1 0,1 0,50 5,0 0,0 0,0 0,50 5,0 0,0 0,0 0,50 5,0 0,0 0,0 0,0 0,0 0,0 0,0 0,50 5,1 0,1 0
1 0,1 0,0 0,0 0,0 0,0 0,0 0,0 0,0 0,0 0,0 0,0 0,0 0,0 0,0 0,0 0,0 0,0 0,0 0,1 0,1 0
1 0,1 0,109 2,109 2,0 0,0 0,0 0,0 0,54 5,0 0,0 0,0 0,0 0,0 0,0 0,0 0,0 0,0 0,0 0,1 0,1 0
1 0,1 0,98 0,98 0,0 0,0 0,0 0,0 0,54 5,0 0,0 0,0 0,0 0,0 0,0 0,0 0,0 0,0 0,0 0,1 0,1 0
1 0,1 0,98 0,98 0,0 0,0 0,50 5,0 0,0 0,54 3,54 3,0 0,0 0,0 0,50 5,0 0,0 0,0 0,50 5,1 0,1 0
1 0,1 0,98 0,98 0,0 0,0 0,0 0,0 0,0 0,0 0,0 0,0 0,0 0,0 0,0 0,0 0,0 0,0 0,0 0,1 0,1 0
1 0,1 0,98 0,98 0,0 0,0 0,0 0,0 0,0 0,0 0,0 0,0 0,0 0,0 0,0 0,0 0,0 0,0 0,0 0,1 0,1 0
1 0,1 0,98 0,98 0,0 0,0 0,0 0,0 0,0 0,0 0,0 0,0 0,0 0,0 0,0 0,0 0,0 0,0 0,0 0,1 0,13 0
1 0,1 0,50 5,0 0,0 0,0 0,50 5,0 0,0 0,0 0,50 5,0 0,0 0,0 0,50 5,0 0,0 0,0 0,50 5,13 0,13 0
1 0,1 0,0 0,0 0,0 0,0 0,0 0,0 0,0 0,0 0,0 0,0 0,0 0,0 0,0 0,0 0,0 0,0 0,0 0,1 0,13 0
1 0,1 0,0 0,0 0,0 0,0 0,0 0,0 0,0 0,0 0,0 0,0 0,0 0,0 0,0 0,0 0,0 0,0 0,0 0,1 0,1 0
1 0,1 0,0 0,0 0,0 0,0 0,0 0,0 0,0 0,0 0,0 0,0 0,0 0,0 0,0 0,0 0,0 0,0 0,0 0,1 0,1 0
1 0,1 0,50 5,0 0,0 0,0 0,50 5,0 0,0 0,0 0,50 5,0 0,0 0,0 0,50 5,0 0,0 0,0 0,50 5,1 0,1 0
1 0,3 0,3 0,3 0,3 0,1 0,1 0,1 0,1 0,1 0,1 0,1 0,1 0,1 0,1 0,1 0,1 0,1 0,1 0,1 0,1 0
1 0,3 0,3 0,3 0,1 0,1 0,1 0,1 0,1 0,1 0,1 0,1 0,1 0,1 0,1 0,1 0,1 0,1 0,1 0,1 0,1 0
3 0,1 0,1 0,1 0,1 0,1 0,1 0,1 0,1 0,1 0,1 0,1 0,1 0,1 0,1 0,1 0,1 0,1 0,1 0,1 0,1 0
1 0,1 0,1 0,1 0,1 0,1 0,1 0,1 0,1 0,1 0,1 0,1 0,1 0,1 0,1 0,1 0,1 0,1 0,1 0,1 0,1 0
1 0,1 0,0 0,0 0,0 0,0 0,0 0,0 0,0 0,0 0,0 0,0 0,0 0,0 0,0 0,0 0,0 0,0 0,0 0,1 0,1 0
1 0,1 0,0 0,0 0,0 0,0 0,0 0,0 0,0 0,0 0,0 0,0 0,0 0,0 0,0 0,0 0,0 0,0 0,0 0,1 0,1 0
1 0,1 0,0 0,0 0,0 0,0 0,0 0,0 0,0 0,0 0,0 0,0 0,0 0,0 0,0 0,0 0,0 0,0 0,0 0,1 0,1 0
1 0,1 0,0 0,0 0,0 0,0 0,0 0,0 0,0 0,0 0,0 0,0 0,0 0,0 0,0 0,0 0,0 0,0 0,0 0,1 0,1 0
1 0,1 0,0 0,0 0,0 0,0 0,0 0,0 0,0 0,0 0,0 0,0 0,0 0,0 0,0 0,0 0,0 0,0 0,0 0,1 0,1 0
1 0,1 0,0 0,0 0,0 0,0 0,0 0,0 0,0 0,0 0,0 0,0 0,0 0,0 0,0 0,0 0,0 0,0 0,0 0,1 0,1 0
1 0,1 0,0 0,0 0,0 0,0 0,0 0,0 0,0 0,0 0,0 0,0 0,0 0,0 0,0 0,0 0,0 0,0 0,0 0,1 0,1 0
1 0,1 0,109 2,109 2,0 0,0 0,0 0,0 0,0 0,0 0,0 0,0 0,0 0,0 0,0 0,0 0,0 0,0 0,0 0,1 0,1 0
1 0,1 0,98 0,98 0,50 1,0 0,0 0,0 0,0 0,0 0,0 0,0 0,0 0,0 0,0 0,0 0,0 0,0 0,0 0,1 0,1 0
1 0,1 0,98 0,98 0,0 0,0 0,0 0,0 0,0 0,0 0,0 0,0 0,0 0,0 0,0 0,0 0,0 0,0 0,0 0,1 0,1 0
1 0,1 0,98 0,98 0,0 0,0 0,0 0,0 0,0 0,0 0,0 0,0 0,0 0,0 0,0 0,0 0,0 0,0 0,0 0,1 0,13 0
1 0,1 0,98 0,98 0,0 0,0 0,0 0,0 0,0 0,0 0,0 0,0 0,0 0,0 0,0 0,0 0,0 0,0 0,0 0,13 0,13 0
1 0,1 0,0 0,0 0,0 0,0 0,0 0,0 0,0 0,0 0,0 0,0 0,0 0,0 0,0 0,0 0,0 0,0 0,0 0,13 0,13 0
1 0,1 0,0 0,0 0,0 0,0 0,0 0,0 0,0 0,0 0,0 0,0 0,0 0,0 0,0 0,0 0,0 0,0 0,0 0,13 0,13 0
1 0,1 0,0 0,0 0,0 0,0 0,0 0,0 0,0 0,0 0,0 0,0 0,0 0,0 0,0 0,0 0,0 0,0 0,0 0,1 0,1 0
1 0,1 0,0 0,0 0,0 0,0 0,0 0,0 0,0 0,0 0,0 0,0 0,0 0,0 0,0 0,0 0,0 0,0 0,0 0,1 0,1 0
1 0,3 0,0 0,0 0,0 0,0 0,0 0,0 0,0 0,0 0,0 0,0 0,0 0,0 0,0 0,0 0,0 0,0 0,0 0,1 0,1 0
1 0,3 0,3 0,3 0,3 0,1 0,1 0,1 0,1 0,1 0,1 0,1 0,1 0,1 0,1 0,1 0,1 0,1 0,1 0,1 0,1 0
3 0,3 0,3 0,3 0,1 0,1 0,1 0,1 0,1 0,1 0,1 0,1 0,1 0,1 0,1 0,1 0,1 0,1 0,1 0,1 0,1 0
3 0,1 0,1 0,1 0,1 0,1 0,1 0,1 0,1 0,1 0,15 0,15 0,1 0,1 0,1 0,1 0,1 0,1 0,1 0,1 0,1 0
1 0,1 0,1 0,1 0,1 0,1 0,1 0,1 0,1 0,1 0,1 0,1 0,1 0,1 0,1 0,1 0,1 0,1 0,1 0,1 0,1 0
1 0,1 0,0 0,0 0,0 0,0 0,0 0,0 0,0 0,0 0,0 0,0 0,0 0,0 0,0 0,0 0,0 0,0 0,0 0,1 0,1 0
1 0,13 0,0 0,0 0,0 0,0 0,0 0,0 0,0 0,0 0,0 0,0 0,0 0,0 0,0 0,0 0,0 0,0 0,0 0,1 0,1 0
1 0,13 0,0 0,0 0,0 0,0 0,0 0,0 0,0 0,0 0,0 0,0 0,0 0,0 0,0 0,0 0,0 0,0 0,0 0,1 0,1 0
1 0,1 0,0 0,0 0,0 0,0 0,0 0,0 0,0 0,0 0,0 0,0 0,0 0,0 0,0 0,0 0,0 0,0 0,0 0,1 0,1 0
1 0,1 0,0 0,0 0,0 0,0 0,0 0,0 0,0 0,0 0,0 0,0 0,0 0,0 0,0 0,0 0,0 0,0 0,0 0,1 0,1 0
1 0,1 0,0 0,0 0,0 0,0 0,0 0,0 0,0 0,0 0,0 0,0 0,0 0,0 0,0 0,0 0,0 0,0 0,0 0,1 0,1 0
1 0,1 0,0 0,0 0,0 0,0 0,0 0,0 0,0 0,0 0,0 0,0 0,0 0,0 0,0 0,0 0,0 0,0 0,0 0,1 0,1 0
1 0,1 0,0 0,0 0,0 0,0 0,0 0,0 0,0 0,0 0,0 0,0 0,0 0,0 0,0 0,0 0,0 0,0 0,0 0,1 0,1 0
1 0,1 0,109 2,109 2,0 0,0 0,0 0,0 0,0 0,0 0,0 0,0 0,0 0,0 0,0 0,0 0,0 0,0 0,0 0,1 0,1 0
1 0,1 0,98 0,98 0,0 0,0 0,0 0,0 0,0 0,0 0,0 0,0 0,0 0,0 0,0 0,0 0,0 0,0 0,0 0,1 0,1 0
1 0,1 0,98 0,98 0,0 0,0 0,0 0,0 0,0 0,0 0,0 0,0 0,0 0,0 0,0 0,0 0,0 0,0 0,0 0,1 0,13 0
1 0,1 0,98 0,98 0,0 0,0 0,0 0,0 0,0 0,0 0,0 0,0 0,0 0,0 0,0 0,0 0,0 0,0 0,0 0,13 0,13 0
1 0,1 0,0 0,0 0,0 0,0 0,0 0,0 0,0 0,0 0,0 0,0 0,0 0,0 0,0 0,0 0,0 0,0 0,0 0,13 0,13 0
1 0,1 0,0 0,0 0,0 0,0 0,0 0,0 0,0 0,0 0,0 0,0 0,0 0,0 0,0 0,0 0,0 0,0 0,0 0,13 0,13 0
1 0,1 0,0 0,0 0,0 0,0 0,0 0,0 0,0 0,0 0,0 0,0 0,0 0,0 0,0 0,0 0,0 0,0 0,0 0,1 0,1 0
1 0,1 0,0 0,0 0,0 0,0 0,0 0,0 0,0 0,0 0,0 0,0 0,0 0,0 0,0 0,0 0,0 0,0 0,0 0,1 0,1 0
1 0,3 0,0 0,0 0,0 0,0 0,0 0,0 0,0 0,0 0,0 0,0 0,0 0,0 0,0 0,0 0,0 0,0 0,0 0,1 0,1 0
1 0,3 0,3 0,3 0,3 0,1 0,1 0,1 0,1 0,1 0,1 0,1 0,1 0,1 0,1 0,1 0,1 0,1 0,1 0,1 0,1 0
3 0,3 0,3 0,3 0,1 0,1 0,1 0,1 0,1 0,1 0,1 0,1 0,1 0,1 0,1 0,1 0,1 0,1 0,1 0,1 0,1 0
3 0,1 0,1 0,1 0,1 0,1 0,1 0,1 0,1 0,1 0,1 0,15 0,1 0,1 0,1 0,1 0,1 0,1 0,1 0,1 0,1 0
1 0,1 0,1 0,3 0,3 0,1 0,1 0,1 0,1 0,1 0,1 0,1 0,1 0,1 0,1 0,1 0,1 0,1 0,1 0,1 0,1 0
1 0,1 0,0 0,0 0,0 0,0 0,0 0,0 0,1 0,1 0,1 0,1 0,1 0,1 0,1 0,1 0,1 0,1 0,3 0,3 0,1 0
1 0,13 0,0 0,0 0,0 0,0 0,0 0,0 0,1 0,1 0,1 0,1 0,1 0,1 0,1 0,1 0,1 0,1 0,0 0,3 0,1 0
1 0,13 0,0 0,0 0,0 0,0 0,0 0,0 0,0 0,1 0,1 0,1 0,1 0,1 0,1 0,1 0,1 0,1 0,1 0,3 0,3 0
1 0,1 0,1 0,0 0,0 0,0 0,0 0,0 0,0 0,0 0,1 0,1 0,1 0,1 0,1 0,1 0,1 0,1 0,1 0,1 0,1 0
1 0,1 0,4 0,4 0,0 0,0 0,0 0,0 0,0 0,0 0,1 0,1 0,1 0,1 0,1 0,1 0,1 0,1 0,1 0,1 0,1 0
1 0,1 0,0 0,0 0,0 0,1 0,1 0,1 0,1 0,1 0,1 0,1 0,1 0,1 0,1 0,1 0,1 0,1 0,1 0,1 0,1 0
1 0,1 0,0 0,0 0,1 0,1 0,1 0,1 0,1 0,1 0,1 0,1 0,1 0,1 0,1 0,1 0,1 0,1 0,1 0,1 0,1 0
1 0,1 0,0 0,0 0,1 0,1 0,1 0,1 0,1 0,20 0,20 0,20 0,1 0,1 0,1 0,1 0,1 0,1 0,1 0,1 0,1 0
1 0,1 0,0 0,0 0,1 0,1 0,1 0,1 0,1 0,20 0,20 0,20 0,1 0,1 0,1 0,1 0,1 0,1 0,1 0,1 0,1 0
1 0,1 0,109 2,109 2,1 0,1 0,1 0,1 0,1 0,20 0,20 0,20 0,1 0,1 0,1 0,1 0,1 0,1 0,1 0,1 0,1 0
1 0,1 0,98 0,98 0,1 0,1 0,1 0,1 0,1 0,1 0,1 0,1 0,1 0,1 0,1 0,1 0,1 0,1 0,1 0,1 0,1 0
1 0,1 0,98 0,98 0,3 0,3 0,1 0,1 0,1 0,1 0,1 0,1 0,1 0,1 0,1 0,1 0,1 0,1 0,1 0,1 0,13 0
1 0,1 0,1 0,1 0,1 0,1 0,1 0,1 0,1 0,1 0,1 0,1 0,1 0,1 0,1 0,1 0,1 0,1 0,1 0,1 0,13 0
1 0,1 0,1 0,1 0,1 0,1 0,1 0,1 0,1 0,1 0,1 0,1 0,1 0,1 0,1 0,1 0,1 0,1 0,1 0,1 0,1 0
1 0,1 0,1 0,1 0,1 0,1 0,1 0,1 0,1 0,1 0,1 0,1 0,1 0,1 0,1 0,1 0,1 0,1 0,1 0,1 0,1 0
1 0,1 0,1 0,1 0,1 0,1 0,1 0,1 0,1 0,1 0,1 0,1 0,1 0,1 0,1 0,1 0,1 0,1 0,0 0,1 0,1 0
1 0,1 0,1 0,1 0,1 0,1 0,1 0,1 0,1 0,1 0,1 0,1 0,1 0,1 0,1 0,1 0,1 0,1 0,0 0,1 0,1 0
1 0,1 0,3 0,3 0,1 0,1 0,1 0,1 0,1 0,1 0,1 0,1 0,1 0,1 0,1 0,1 0,1 0,1 0,1 0,1 0,1 0
1 0,1 0,3 0,1 0,1 0,1 0,1 0,1 0,1 0,1 0,1 0,1 0,1 0,1 0,1 0,1 0,1 0,1 0,1 0,1 0,1 0
3 0,1 0,1 0,1 0,1 0,3 0,1 0,1 0,1 0,1 0,1 0,1 0,1 0,1 0,1 0,1 0,1 0,1 0,1 0,1 0,1 0
1 0,1 0,1 0,3 0,3 0,3 0,3 0,1 0,1 0,1 0,1 0,1 0,1 0,1 0,1 0,1 0,1 0,3 0,3 0,1 0,1 0
1 0,1 0,1 0,1 0,1 0,1 0,1 0,1 0,1 0,1 0,1 0,1 0,1 0,1 0,1 0,1 0,1 0,1 0,1 0,3 0,1 0
1 0,1 0,1 0,1 0,1 0,1 0,1 0,1 0,1 0,1 0,1 0,1 0,1 0,1 0,1 0,1 0,1 0,1 0,1 0,3 0,3 0
1 0,1 0,1 0,1 0,1 0,1 0,1 0,1 0,1 0,1 0,1 0,1 0,1 0,1 0,1 0,1 0,1 0,1 0,1 0,3 0,3 0
1 0,1 0,1 0,1 0,1 0,1 0,1 0,1 0,1 0,1 0,1 0,1 0,1 0,1 0,1 0,1 0,1 0,1 0,1 0,1 0,1 0
1 0,1 0,1 0,1 0,1 0,1 0,1 0,1 0,1 0,1 0,1 0,1 0,1 0,1 0,1 0,1 0,1 0,1 0,1 0,1 0,1 0
1 0,1 0,0 0,0 0,1 0,1 0,1 0,1 0,1 0,1 0,1 0,1 0,1 0,1 0,1 0,1 0,1 0,1 0,1 0,1 0,1 0
1 0,1 0,0 0,0 0,1 0,1 0,1 0,1 0,1 0,1 0,1 0,1 0,1 0,1 0,1 0,1 0,1 0,1 0,1 0,1 0,1 0
1 0,1 0,0 0,0 0,1 0,1 0,1 0,1 0,1 0,20 0,0 0,20 0,1 0,1 0,1 0,1 0,1 0,1 0,1 0,1 0,1 0
1 0,1 0,0 0,0 0,1 0,1 0,1 0,1 0,1 0,0 0,0 0,0 0,1 0,1 0,1 0,1 0,1 0,1 0,1 0,1 0,1 0
1 0,1 0,0 0,0 0,1 0,1 0,1 0,1 0,1 0,20 0,0 0,20 0,1 0,1 0,1 0,1 0,1 0,1 0,1 0,1 0,1 0
1 0,1 0,109 2,109 2,3 0,3 0,1 0,1 0,1 0,1 0,1 0,1 0,1 0,1 0,1 0,1 0,1 0,1 0,1 0,1 0,1 0
1 0,1 0,43 0,43 0,43 0,43 0,1 0,1 0,1 0,1 0,1 0,1 0,1 0,1 0,1 0,1 0,1 0,1 0,1 0,1 0,1 0
1 0,1 0,1 0,1 0,1 0,1 0,1 0,1 0,1 0,1 0,1 0,1 0,1 0,1 0,1 0,1 0,1 0,1 0,1 0,1 0,1 0
1 0,1 0,1 0,1 0,1 0,1 0,1 0,1 0,1 0,1 0,1 0,1 0,1 0,1 0,1 0,1 0,1 0,1 0,1 0,1 0,1 0
1 0,1 0,1 0,1 0,1 0,1 0,1 0,1 0,1 0,1 0,1 0,1 0,1 0,1 0,1 0,1 0,1 0,1 0,1 0,1 0,1 0
1 0,1 0,1 0,1 0,1 0,1 0,1 0,1 0,1 0,1 0,1 0,1 0,1 0,1 0,1 0,1 0,1 0,1 0,1 0,1 0,1 0
1 0,1 0,1 0,1 0,1 0,1 0,1 0,1 0,1 0,1 0,1 0,1 0,1 0,1 0,1 0,1 0,1 0,1 0,1 0,1 0,1 0
1 0,1 0,1 0,1 0,1 0,1 0,1 0,1 0,1 0,1 0,1 0,1 0,1 0,1 0,1 0,1 0,1 0,1 0,1 0,1 0,1 0
1 0,1 0,1 0,1 0,1 0,1 0,1 0,1 0,1 0,1 0,1 0,1 0,1 0,1 0,1 0,1 0,1 0,1 0,1 0,3 0,3 0
3 0,3 0,3 0,3 0,3 0,3 0,3 0,3 0,1 0,1 0,1 0,1 0,1 0,1 0,1 0,1 0,1 0,1 0,3 0,3 0,3 0
3 0,3 0,98 0,98 0,98 0,98 0,98 0,98 0,98 0,98 0,98 0,98 0,98 0,98 0,98 0,98 0,98 0,98 0,98 0,3 0,3 0
3 0,98 0,50 5,0 0,0 0,0 0,0 0,0 0,17 1,0 0,0 0,0 0,0 0,17 1,0 0,0 0,0 0,0 0,4 0,98 0,3 0
3 0,98 0,0 0,0 0,0 0,0 0,0 0,0 0,0 0,0 0,0 0,0 0,0 0,0 0,0 0,0 0,0 0,0 0,0 0,98 0,3 0
3 0,98 0,0 0,0 0,0 0,0 0,0 0,0 0,0 0,0 0,0 0,0 0,0 0,0 0,0 0,0 0,0 0,0 0,0 0,98 0,3 0
3 0,98 0,0 0,0 0,0 0,0 0,0 0,0 0,0 0,0 0,0 0,0 0,0 0,0 0,0 0,0 0,0 0,0 0,0 0,98 0,3 0
1 0,98 0,50 5,0 0,0 0,0 0,50 5,0 0,17 1,0 0,0 0,0 0,0 0,17 1,0 0,0 0,0 0,0 0,17 1,98 0,1 0
1 0,98 0,0 0,0 0,98 0,98 0,0 0,0 0,0 0,0 0,0 0,0 0,0 0,0 0,0 0,0 0,0 0,0 0,0 0,98 0,1 0
1 0,98 0,0 0,0 0,98 0,98 0,0 0,0 0,0 0,0 0,0 0,0 0,0 0,0 0,0 0,0 0,0 0,0 0,0 0,98 0,1 0
1 0,98 0,0 0,0 0,98 0,98 0,0 0,0 0,0 0,0 0,0 0,0 0,0 0,0 0,0 0,0 0,0 0,0 0,0 0,98 0,1 0
1 0,98 0,0 0,0 0,98 0,98 0,50 5,0 0,0 0,0 0,0 0,0 0,0 0,0 0,0 0,50 5,0 0,0 0,0 0,98 0,3 0
1 0,98 0,0 0,0 0,98 0,98 0,0 0,0 0,0 0,0 0,0 0,0 0,0 0,0 0,0 0,0 0,0 0,0 0,0 0,98 0,1 0
1 0,98 0,0 0,0 0,109 3,109 3,0 0,0 0,0 0,0 0,0 0,0 0,0 0,0 0,0 0,0 0,0 0,0 0,0 0,98 0,1 0
1 0,98 0,0 0,0 0,0 0,0 0,0 0,0 0,0 0,0 0,0 0,0 0,0 0,0 0,0 0,0 0,0 0,0 0,0 0,98 0,1 0
1 0,98 0,0 0,0 0,0 0,0 0,0 0,0 0,17 1,47 0,47 0,47 0,47 0,17 1,47 0,47 0,47 0,47 0,17 1,98 0,1 0
1 0,98 0,0 0,0 0,0 0,0 0,0 0,0 0,0 0,0 0,0 0,0 0,0 0,0 0,0 0,0 0,0 0,0 0,47 0,98 0,1 0
1 0,98 0,0 0,0 0,0 0,0 0,0 0,0 0,0 0,0 0,0 0,0 0,0 0,0 0,0 0,0 0,0 0,0 0,47 0,98 0,1 0
1 0,98 0,0 0,0 0,0 0,0 0,0 0,0 0,0 0,0 0,0 0,0 0,0 0,0 0,0 0,0 0,0 0,0 0,47 0,98 0,3 0
1 0,98 0,0 0,0 0,0 0,0 0,0 0,0 0,17 1,47 0,47 0,47 0,47 0,17 1,47 0,47 0,47 0,47 0,4 0,98 0,3 0
3 0,3 0,98 0,98 0,98 0,98 0,98 0,98 0,98 0,98 0,98 0,98 0,98 0,98 0,98 0,98 0,98 0,98 0,98 0,3 0,3 0
3 0,3 0,3 0,3 0,3 0,3 0,3 0,3 0,3 0,1 0,1 0,3 0,13 0,1 0,1 0,1 0,1 0,3 0,3 0,3 0,3 0
1 0,3 0,3 0,3 0,3 0,3 0,3 0,3 0,3 0,3 0,1 0,3 0,1 0,3 0,1 0,1 0,3 0,3 0,3 0,3 0,3 0
3 0,3 0,98 0,98 0,98 0,98 0,98 0,98 0,98 0,98 0,98 0,98 0,98 0,98 0,98 0,98 0,98 0,98 0,98 0,3 0,3 0
3 0,98 0,0 0,0 0,0 0,0 0,0 0,0 0,17 1,0 0,0 0,0 0,0 0,17 1,0 0,0 0,0 0,0 0,4 0,98 0,3 0
3 0,98 0,0 0,0 0,0 0,0 0,0 0,0 0,0 0,0 0,0 0,0 0,0 0,0 0,0 0,0 0,0 0,0 0,0 0,98 0,3 0
3 0,98 0,0 0,0 0,0 0,0 0,0 0,0 0,0 0,0 0,0 0,0 0,0 0,0 0,0 0,0 0,0 0,0 0,0 0,98 0,3 0
3 0,98 0,0 0,0 0,0 0,0 0,0 0,0 0,0 0,0 0,0 0,0 0,0 0,0 0,0 0,0 0,0 0,0 0,0 0,98 0,3 0
3 0,98 0,0 0,0 0,0 0,0 0,0 0,0 0,17 1,0 0,0 0,0 0,0 0,17 1,0 0,0 0,0 0,0 0,17 1,98 0,1 0
3 0,98 0,0 0,0 0,98 0,98 0,0 0,0 0,50 3,0 0,0 0,0 0,0 0,50 3,0 0,0 0,0 0,0 0,50 3,98 0,1 0
3 0,98 0,0 0,0 0,98 0,98 0,0 0,0 0,0 0,0 0,0 0,0 0,0 0,0 0,0 0,0 0,0 0,0 0,0 0,98 0,3 0
3 0,98 0,0 0,0 0,98 0,98 0,0 0,0 0,0 0,0 0,0 0,0 0,0 0,0 0,0 0,0 0,0 0,0 0,0 0,98 0,3 0
3 0,98 0,50 1,0 0,98 0,98 0,0 0,0 0,0 0,0 0,0 0,0 0,0 0,0 0,0 0,0 0,0 0,0 0,0 0,98 0,3 0
3 0,98 0,0 0,0 0,109 3,109 3,0 0,0 0,0 0,0 0,0 0,0 0,0 0,0 0,0 0,0 0,0 0,0 0,0 0,98 0,3 0
3 0,98 0,0 0,0 0,0 0,0 0,0 0,0 0,0 0,0 0,0 0,0 0,0 0,0 0,0 0,0 0,0 0,0 0,0 0,98 0,3 0
3 0,98 0,0 0,0 0,0 0,0 0,0 0,0 0,0 0,0 0,0 0,0 0,0 0,0 0,0 0,0 0,0 0,0 0,0 0,98 0,3 0
3 0,98 0,50 1,0 0,0 0,0 0,0 0,0 0,17 1,47 0,47 0,47 0,47 0,17 1,47 0,47 0,47 0,47 0,17 1,98 0,3 0
3 0,98 0,0 0,0 0,0 0,0 0,0 0,0 0,0 0,0 0,0 0,0 0,0 0,0 0,0 0,0 0,0 0,0 0,47 0,98 0,3 0
3 0,98 0,0 0,0 0,0 0,0 0,0 0,0 0,0 0,0 0,0 0,0 0,0 0,0 0,0 0,0 0,0 0,0 0,50 5,98 0,3 0
3 0,98 0,50 1,0 0,0 0,0 0,0 0,0 0,0 0,0 0,0 0,0 0,0 0,0 0,0 0,0 0,0 0,0 0,47 0,98 0,3 0
3 0,98 0,0 0,0 0,0 0,0 0,0 0,0 0,17 1,47 0,47 0,47 0,47 0,17 1,47 0,47 0,47 0,47 0,4 0,98 0,12 0
3 0,3 0,98 0,98 0,98 0,98 0,98 0,98 0,98 0,98 0,98 0,98 0,98 0,98 0,98 0,98 0,98 0,98 0,98 0,12 0,12 0
3 0,3 0,3 0,3 0,3 0,3 0,3 0,3 0,3 0,3 0,3 0,3 0,3 0,3 0,3 0,12 0,12 0,12 0,12 0,12 0,12 0
1 0,3 0,3 0,3 0,3 0,3 0,3 0,3 0,3 0,3 0,3 0,3 0,3 0,3 0,3 0,3 0,3 0,3 0,3 0,3 0,3 0
3 0,3 0,98 0,98 0,98 0,98 0,98 0,98 0,98 0,98 0,98 0,98 0,98 0,98 0,98 0,98 0,98 0,98 0,98 0,3 0,3 0
3 0,98 0,0 0,0 0,0 0,0 0,0 0,0 0,17 1,0 0,0 0,0 0,0 0,17 1,0 0,0 0,0 0,0 0,4 0,98 0,3 0
3 0,98 0,0 0,0 0,0 0,0 0,0 0,0 0,50 3,0 0,0 0,0 0,0 0,50 3,0 0,0 0,0 0,0 0,0 0,98 0,3 0
3 0,98 0,0 0,0 0,0 0,0 0,0 0,0 0,0 0,0 0,0 0,0 0,0 0,0 0,0 0,0 0,0 0,0 0,0 0,98 0,3 0
3 0,98 0,0 0,0 0,0 0,0 0,0 0,0 0,0 0,0 0,0 0,0 0,0 0,0 0,0 0,0 0,0 0,0 0,0 0,98 0,3 0
3 0,98 0,0 0,0 0,0 0,0 0,0 0,0 0,17 1,0 0,0 0,0 0,0 0,17 1,0 0,0 0,0 0,0 0,17 1,98 0,3 0
3 0,98 0,0 0,0 0,98 0,98 0,0 0,0 0,0 0,0 0,0 0,0 0,0 0,0 0,0 0,0 0,0 0,0 0,0 0,98 0,3 0
3 0,98 0,0 0,0 0,98 0,98 0,0 0,0 0,0 0,0 0,0 0,0 0,0 0,0 0,0 0,0 0,0 0,0 0,0 0,98 0,3 0
3 0,98 0,0 0,0 0,98 0,98 0,0 0,0 0,0 0,0 0,0 0,0 0,0 0,0 0,0 0,0 0,0 0,0 0,0 0,98 0,3 0
3 0,98 0,0 0,0 0,109 3,109 3,0 0,0 0,0 0,0 0,0 0,0 0,0 0,0 0,0 0,0 0,0 0,0 0,0 0,98 0,3 0
3 0,98 0,0 0,0 0,0 0,0 0,0 0,0 0,0 0,0 0,0 0,0 0,0 0,0 0,0 0,0 0,0 0,0 0,0 0,98 0,3 0
3 0,98 0,0 0,0 0,0 0,0 0,0 0,0 0,0 0,0 0,0 0,0 0,0 0,0 0,0 0,0 0,0 0,0 0,0 0,98 0,3 0
3 0,98 0,0 0,0 0,0 0,0 0,0 0,0 0,0 0,0 0,0 0,0 0,0 0,0 0,0 0,0 0,0 0,0 0,0 0,98 0,3 0
3 0,98 0,0 0,0 0,0 0,0 0,0 0,0 0,17 1,47 0,47 0,47 0,47 0,17 1,47 0,47 0,47 0,47 0,17 1,98 0,3 0
3 0,98 0,0 0,0 0,0 0,0 0,0 0,0 0,50 3,0 0,0 0,0 0,0 0,50 3,0 0,0 0,0 0,0 0,47 0,98 0,3 0
3 0,98 0,0 0,0 0,0 0,0 0,0 0,0 0,0 0,0 0,0 0,0 0,0 0,0 0,0 0,0 0,0 0,0 0,47 0,98 0,3 0
3 0,98 0,0 0,0 0,0 0,0 0,0 0,0 0,0 0,0 0,0 0,0 0,0 0,0 0,0 0,0 0,0 0,0 0,47 0,98 0,3 0
3 0,98 0,0 0,0 0,0 0,0 0,0 0,0 0,17 1,47 0,47 0,47 0,47 0,17 1,47 0,47 0,47 0,47 0,4 0,98 0,12 0
3 0,3 0,98 0,98 0,98 0,98 0,98 0,98 0,98 0,98 0,98 0,98 0,98 0,98 0,98 0,98 0,98 0,98 0,98 0,12 0,12 0
3 0,3 0,3 0,3 0,3 0,3 0,3 0,3 0,3 0,3 0,3 0,3 0,3 0,3 0,3 0,12 0,12 0,12 0,12 0,12 0,12 0
3 0,3 0,3 0,3 0,3 0,3 0,3 0,3 0,3 0,3 0,3 0,3 0,3 0,3 0,3 0,3 0,3 0,3 0,3 0,3 0,3 0
3 0,3 0,3 0,3 0,3 0,3 0,3 0,3 0,3 0,3 0,3 0,3 0,3 0,3 0,3 0,3 0,3 0,3 0,3 0,3 0,3 0
3 0,3 0,3 0,3 0,3 0,3 0,3 0,3 0,3 0,3 0,3 0,3 0,3 0,3 0,3 0,3 0,3 0,3 0,3 0,3 0,3 0
3 0,3 0,44 0,44 0,44 0,44 0,44 0,44 0,44 0,44 0,44 0,44 0,44 0,44 0,44 0,44 0,44 0,44 0,44 0,3 0,3 0
3 0,3 0,44 0,44 0,44 0,44 0,44 0,44 0,44 0,44 0,44 0,44 0,44 0,44 0,44 0,44 0,44 0,44 0,44 0,3 0,3 0
3 0,3 0,44 0,44 0,44 0,44 0,44 0,44 0,44 0,44 0,44 0,44 0,44 0,44 0,44 0,44 0,44 0,44 0,44 0,3 0,3 0
3 0,3 0,44 0,44 0,44 0,44 0,44 0,44 0,3 0,3 0,3 0,3 0,3 0,3 0,3 0,3 0,3 0,3 0,3 0,3 0,3 0
3 0,3 0,44 0,44 0,98 0,98 0,44 0,44 0,44 0,44 0,44 0,44 0,44 0,44 0,44 0,44 0,44 0,44 0,44 0,3 0,3 0
3 0,3 0,44 0,43 0,98 0,98 0,43 0,44 0,44 0,43 0,43 0,43 0,44 0,44 0,44 0,44 0,44 0,44 0,44 0,3 0,3 0
3 0,3 0,44 0,43 0,109 3,109 3,43 0,44 0,43 0,20 0,20 0,20 0,43 0,44 0,44 0,44 0,44 0,44 0,44 0,3 0,3 0
3 0,3 0,44 0,43 0,0 0,0 0,43 0,44 0,43 0,20 0,20 0,20 0,43 0,44 0,44 0,44 0,44 0,44 0,44 0,3 0,3 0
3 0,3 0,44 0,43 0,0 0,0 0,43 0,44 0,43 0,20 0,20 0,20 0,43 0,44 0,44 0,44 0,44 0,44 0,44 0,3 0,3 0
3 0,3 0,44 0,43 0,0 0,0 0,43 0,44 0,44 0,43 0,43 0,43 0,44 0,44 0,44 0,44 0,44 0,44 0,44 0,3 0,3 0
3 0,3 0,44 0,43 0,0 0,0 0,43 0,44 0,44 0,44 0,44 0,44 0,44 0,44 0,44 0,44 0,44 0,44 0,44 0,3 0,3 0
3 0,3 0,44 0,44 0,43 0,43 0,44 0,44 0,3 0,3 0,3 0,3 0,3 0,3 0,3 0,3 0,3 0,3 0,3 0,3 0,3 0
3 0,3 0,44 0,44 0,44 0,44 0,44 0,44 0,44 0,44 0,44 0,44 0,44 0,44 0,44 0,44 0,44 0,44 0,44 0,3 0,2 0
3 0,3 0,44 0,44 0,44 0,44 0,44 0,44 0,44 0,44 0,44 0,44 0,44 0,44 0,44 0,44 0,44 0,44 0,44 0,3 0,2 0
3 0,3 0,44 0,44 0,44 0,44 0,44 0,44 0,44 0,44 0,44 0,44 0,44 0,44 0,44 0,44 0,44 0,44 0,44 0,3 0,3 0
3 0,3 0,3 0,3 0,3 0,3 0,3 0,3 0,3 0,3 0,3 0,3 0,3 0,3 0,3 0,3 0,3 0,3 0,3 0,4 0,2 0
3 0,3 0,3 0,3 0,3 0,3 0,3 0,3 0,3 0,3 0,3 0,3 0,3 0,2 0,2 0,2 0,3 0,4 0,4 0,9 0,9 0
3 0,3 0,3 0,3 0,3 0,3 0,3 0,3 0,3 0,3 0,3 0,2 0,2 0,2 0,2 0,12 0,12 0,9 0,9 0,9 0,9 0
2 0,2 0,2 0,2 0,2 0,2 0,2 0,2 0,43 0,13 0,13 0,13 0,43 0,2 0,2 0,2 0,2 0,2 0,2 0,2 0,2 0
2 0,2 0,4 0,4 0,4 0,2 0,2 0,2 0,43 0,13 0,13 0,13 0,43 0,2 0,2 0,2 0,4 0,4 0,4 0,2 0,2 0
2 0,4 0,98 0,98 0,98 0,4 0,2 0,2 0,3 0,13 0,13 0,13 0,3 0,2 0,2 0,4 0,98 0,98 0,98 0,4 0,2 0
2 0,4 0,98 0,98 0,98 0,4 0,4 0,4 0,4 0,13 0,13 0,13 0,4 0,4 0,4 0,4 0,98 0,98 0,98 0,4 0,2 0
2 0,4 0,98 0,98 0,98 0,98 0,98 0,98 0,3 0,13 0,13 0,13 0,3 0,98 0,98 0,98 0,98 0,98 0,98 0,4 0,2 0
2 0,2 0,4 0,4 0,98 0,98 0,98 0,98 0,43 0,43 0,43 0,43 0,43 0,98 0,98 0,98 0,98 0,4 0,4 0,2 0,2 0
2 0,2 0,2 0,4 0,98 0,98 0,98 0,98 0,98 0,98 0,98 0,98 0,98 0,98 0,98 0,98 0,98 0,4 0,2 0,2 0,2 0
2 0,2 0,2 0,4 0,43 0,43 0,98 0,98 0,98 0,98 0,98 0,98 0,98 0,98 0,98 0,98 0,98 0,4 0,2 0,2 0,2 0
2 0,2 0,2 0,98 0,109 3,109 3,98 0,98 0,98 0,43 0,43 0,43 0,98 0,98 0,98 0,98 0,98 0,4 0,2 0,2 0,2 0
2 0,2 0,2 0,98 0,0 0,0 0,98 0,98 0,43 0,20 0,20 0,20 0,43 0,98 0,98 0,98 0,98 0,4 0,2 0,2 0,2 0
2 0,2 0,2 0,98 0,0 0,0 0,98 0,98 0,43 0,20 0,20 0,20 0,43 0,98 0,98 0,98 0,98 0,4 0,2 0,2 0,2 0
2 0,2 0,2 0,98 0,0 0,0 0,98 0,98 0,43 0,20 0,20 0,20 0,43 0,98 0,98 0,98 0,98 0,4 0,2 0,2 0,2 0
2 0,2 0,2 0,98 0,0 0,0 0,98 0,98 0,98 0,43 0,43 0,43 0,98 0,98 0,98 0,98 0,98 0,4 0,2 0,2 0,2 0
2 0,2 0,2 0,98 0,0 0,0 0,98 0,98 0,98 0,98 0,98 0,98 0,98 0,98 0,98 0,98 0,98 0,4 0,2 0,2 0,2 0
2 0,2 0,2 0,4 0,98 0,98 0,98 0,98 0,98 0,98 0,98 0,98 0,98 0,98 0,98 0,98 0,98 0,4 0,2 0,2 0,2 0
2 0,2 0,4 0,4 0,98 0,98 0,98 0,98 0,98 0,98 0,98 0,98 0,98 0,98 0,98 0,98 0,98 0,4 0,4 0,2 0,0 0
2 0,4 0,98 0,98 0,98 0,98 0,98 0,98 0,98 0,98 0,98 0,98 0,98 0,98 0,98 0,98 0,98 0,98 0,98 0,4 0,0 0
2 0,4 0,98 0,98 0,98 0,4 0,4 0,4 0,4 0,4 0,4 0,4 0,4 0,4 0,4 0,4 0,98 0,98 0,98 0,4 0,2 0
2 0,4 0,98 0,98 0,98 0,4 0,2 0,2 0,2 0,2 0,2 0,2 0,2 0,2 0,2 0,4 0,98 0,98 0,98 0,4 0,0 0
2 0,2 0,4 0,4 0,4 0,2 0,2 0,2 0,2 0,2 0,2 0,2 0,2 0,0 0,0 0,0 0,4 0,4 0,4 0,0 0,0 0
2 0,2 0,2 0,2 0,2 0,2 0,2 0,2 0,2 0,2 0,2 0,0 0,0 0,0 0,0 0,0 0,0 0,0 0,0 0,0 0,0 0
0 0,0 0,106 1,0 0,106 1,0 0,0 0,38 0,0 0,0 0,0 0,0 0,0 0,38 0,0 0,0 0,0 0,0 0,85 0,85 0,85 0
0 0,106 8,98 0,98 0,98 0,106 2,0 0,38 0,0 0,0 0,0 0,0 0,0 0,38 0,0 0,0 0,98 0,98 0,98 0,106 3,0 0
0 0,98 0,58 0,0 0,0 0,98 0,106 2,18 13,98 0,0 0,0 0,0 0,98 0,18 5,18 5,98 0,0 0,0 0,0 0,98 0,106 2
0 0,98 0,65 5,0 0,0 0,98 0,98 0,98 0,85 0,0 0,0 0,0 0,85 0,98 0,98 0,98 0,0 0,0 0,65 4,98 0,106 2
0 0,98 0,61 5,0 0,0 0,0 0,0 0,0 0,98 0,0 0,0 0,0 0,98 0,0 0,0 0,0 0,0 0,0 0,0 0,98 0,0 0
0 0,0 0,98 0,98 0,0 0,0 0,0 0,0 0,0 0,0 0,0 0,0 0,0 0,0 0,0 0,0 0,0 0,98 0,98 0,0 0,0 0
0 0,0 0,18 5,98 0,0 0,0 0,0 0,0 0,0 0,0 0,0 0,0 0,0 0,0 0,0 0,0 0,0 0,98 0,18 13,0 0,0 0
0 0,0 0,18 5,98 0,0 0,0 0,0 0,0 0,0 0,0 0,0 0,0 0,0 0,0 0,0 0,0 0,0 0,98 0,18 5,0 0,0 0
0 0,106 8,18 5,98 0,0 0,0 0,0 0,0 0,0 0,0 0,0 0,0 0,0 0,0 0,0 0,0 0,0 0,98 0,18 13,0 0,0 0
0 0,106 8,18 5,98 0,0 0,0 0,0 0,0 0,0 0,0 0,0 0,0 0,0 0,0 0,0 0,0 0,0 0,98 0,18 5,0 0,0 0
0 0,106 8,18 5,98 0,0 0,0 0,0 0,0 0,0 0,0 0,0 0,0 0,0 0,0 0,0 0,0 0,0 0,98 0,18 5,0 0,0 0
0 0,0 0,18 5,98 0,0 0,0 0,0 0,0 0,0 0,0 0,0 0,0 0,0 0,0 0,0 0,0 0,0 0,98 0,18 5,0 0,0 0
0 0,0 0,18 5,98 0,0 0,0 0,0 0,0 0,0 0,0 0,0 0,0 0,0 0,0 0,0 0,0 0,0 0,98 0,18 5,0 0,0 0
0 0,106 8,18 5,98 0,0 0,0 0,0 0,0 0,0 0,0 0,0 0,0 0,0 0,0 0,0 0,0 0,0 0,98 0,18 5,0 0,0 0
0 0,106 8,18 5,98 0,0 0,0 0,0 0,0 0,0 0,0 0,0 0,0 0,0 0,0 0,0 0,0 0,0 0,98 0,18 5,0 0,0 0
0 0,106 8,98 0,98 0,0 0,0 0,0 0,0 0,0 0,0 0,0 0,0 0,0 0,0 0,0 0,0 0,0 0,98 0,98 0,0 0,0 0
106 8,98 0,0 0,0 0,0 0,0 0,0 0,0 0,0 0,0 0,0 0,0 0,0 0,0 0,0 0,0 0,0 0,0 0,0 0,98 0,0 0
0 0,98 0,65 5,0 0,0 0,98 0,98 0,98 0,98 0,98 0,98 0,98 0,98 0,98 0,98 0,98 0,0 0,0 0,65 4,98 0,0 0
106 8,98 0,0 0,0 0,0 0,98 0,18 5,18 5,18 5,18 5,18 5,18 5,18 5,18 5,18 5,98 0,0 0,0 0,0 0,98 0,0 0
0 0,106 4,98 0,98 0,98 0,0 0,0 0,85 0,0 0,0 0,0 0,0 0,0 0,0 0,0 0,0 0,98 0,98 0,98 0,0 0,0 0
0 0,0 0,0 0,0 0,0 0,0 0,0 0,85 0,0 0,0 0,0 0,0 0,0 0,0 0,0 0,0 0,0 0,0 0,0 0,0 0,0 0
0 0,0 0,106 1,0 0,106 1,0 0,0 0,0 0,0 0,0 0,0 0,0 0,0 0,0 0,0 0,0 0,0 0,0 0,0 0,0 0,0 0
0 0,106 8,98 0,98 0,98 0,106 2,0 0,0 0,0 0,0 0,0 0,0 0,0 0,0 0,0 0,0 0,98 0,98 0,98 0,106 3,0 0
0 0,98 0,0 0,50 3,0 0,98 0,106 3,0 0,98 0,0 0,0 0,0 0,98 0,0 0,0 0,98 0,0 0,50 3,0 0,98 0,106 2
0 0,98 0,65 5,0 0,0 0,98 0,98 0,98 0,85 0,0 0,0 0,0 0,85 0,98 0,98 0,98 0,0 0,0 0,65 4,98 0,106 2
0 0,98 0,0 0,0 0,0 0,0 0,0 0,0 0,98 0,0 0,0 0,0 0,98 0,0 0,0 0,0 0,0 0,0 0,0 0,98 0,0 0
0 0,0 0,98 0,98 0,0 0,0 0,0 0,0 0,50 3,0 0,0 0,0 0,50 3,0 0,0 0,0 0,0 0,98 0,98 0,0 0,0 0
0 0,0 0,0 0,98 0,0 0,0 0,0 0,0 0,0 0,0 0,0 0,0 0,0 0,0 0,0 0,0 0,0 0,98 0,0 0,0 0,0 0
0 0,0 0,0 0,98 0,50 1,0 0,0 0,0 0,0 0,0 0,0 0,0 0,0 0,0 0,0 0,0 0,0 0,98 0,0 0,0 0,0 0
0 0,0 0,0 0,98 0,0 0,0 0,0 0,0 0,0 0,0 0,0 0,0 0,0 0,0 0,0 0,0 0,0 0,98 0,0 0,0 0,0 0
0 0,0 0,0 0,98 0,0 0,0 0,0 0,0 0,0 0,0 0,0 0,0 0,0 0,0 0,0 0,0 0,0 0,98 0,0 0,0 0,0 0
0 0,0 0,0 0,98 0,50 1,0 0,0 0,0 0,0 0,0 0,0 0,0 0,0 0,0 0,0 0,0 0,0 0,98 0,50 1,0 0,0 0
0 0,0 0,0 0,98 0,0 0,0 0,0 0,0 0,0 0,0 0,0 0,0 0,0 0,0 0,0 0,0 0,0 0,98 0,0 0,0 0,0 0
0 0,0 0,0 0,98 0,0 0,0 0,0 0,0 0,0 0,0 0,0 0,0 0,0 0,0 0,0 0,0 0,0 0,98 0,0 0,0 0,0 0
0 0,0 0,0 0,98 0,50 1,0 0,0 0,0 0,0 0,0 0,0 0,0 0,0 0,0 0,0 0,0 0,0 0,98 0,0 0,0 0,0 0
0 0,0 0,0 0,98 0,0 0,0 0,0 0,0 0,0 0,0 0,0 0,0 0,0 0,0 0,0 0,0 0,0 0,98 0,0 0,0 0,0 0
0 0,106 8,98 0,98 0,0 0,0 0,0 0,0 0,0 0,0 0,0 0,0 0,0 0,0 0,0 0,0 0,0 0,98 0,98 0,0 0,0 0
106 8,98 0,0 0,0 0,0 0,0 0,0 0,0 0,0 0,0 0,0 0,0 0,0 0,0 0,0 0,0 0,0 0,0 0,0 0,98 0,0 0
0 0,98 0,65 5,0 0,0 0,98 0,98 0,98 0,98 0,98 0,98 0,98 0,98 0,98 0,98 0,98 0,0 0,0 0,65 4,98 0,0 0
106 8,98 0,0 0,0 0,0 0,98 0,0 0,0 0,0 0,0 0,50 3,0 0,0 0,0 0,0 0,98 0,0 0,0 0,0 0,98 0,0 0
0 0,106 4,98 0,98 0,98 0,0 0,0 0,0 0,0 0,0 0,0 0,0 0,0 0,0 0,0 0,0 0,98 0,98 0,98 0,0 0,0 0
0 0,0 0,0 0,0 0,0 0,0 0,0 0,0 0,0 0,0 0,0 0,0 0,0 0,0 0,0 0,0 0,0 0,0 0,0 0,0 0,0 0
0 0,0 0,106 1,0 0,106 1,0 0,0 0,0 0,0 0,0 0,0 0,0 0,0 0,0 0,0 0,0 0,0 0,0 0,0 0,0 0,0 0
0 0,106 8,98 0,98 0,98 0,106 2,0 0,0 0,0 0,0 0,0 0,0 0,0 0,0 0,0 0,0 0,98 0,98 0,98 0,106 3,0 0
0 0,98 0,0 0,0 0,0 0,98 0,0 0,0 0,98 0,0 0,0 0,0 0,98 0,0 0,0 0,98 0,0 0,0 0,0 0,98 0,106 2
0 0,98 0,65 5,0 0,0 0,98 0,98 0,98 0,85 0,85 0,85 0,85 0,85 0,98 0,98 0,98 0,0 0,0 0,65 4,98 0,106 2
0 0,98 0,0 0,0 0,0 0,0 0,0 0,0 0,98 0,0 0,0 0,0 0,98 0,0 0,0 0,0 0,0 0,0 0,0 0,98 0,0 0
0 0,0 0,98 0,98 0,0 0,0 0,0 0,0 0,0 0,0 0,0 0,0 0,0 0,0 0,0 0,0 0,0 0,98 0,98 0,0 0,0 0
0 0,0 0,0 0,98 0,0 0,0 0,0 0,0 0,0 0,0 0,0 0,0 0,0 0,0 0,0 0,0 0,0 0,98 0,0 0,0 0,0 0
0 0,0 0,0 0,98 0,0 0,0 0,0 0,0 0,0 0,0 0,0 0,0 0,0 0,0 0,0 0,0 0,0 0,98 0,0 0,0 0,0 0
0 0,0 0,0 0,98 0,0 0,0 0,0 0,0 0,0 0,0 0,0 0,0 0,0 0,0 0,0 0,0 0,0 0,98 0,0 0,0 0,0 0
0 0,0 0,0 0,98 0,0 0,0 0,0 0,0 0,0 0,0 0,0 0,0 0,0 0,0 0,0 0,0 0,0 0,98 0,0 0,0 0,0 0
0 0,106 8,0 0,98 0,0 0,0 0,0 0,0 0,0 0,0 0,0 0,0 0,0 0,0 0,0 0,0 0,0 0,98 0,0 0,0 0,0 0
0 0,0 0,0 0,98 0,0 0,0 0,0 0,0 0,0 0,0 0,0 0,0 0,0 0,0 0,0 0,0 0,0 0,98 0,0 0,0 0,0 0
0 0,0 0,0 0,98 0,0 0,0 0,0 0,0 0,0 0,0 0,0 0,0 0,0 0,0 0,0 0,0 0,0 0,98 0,0 0,0 0,0 0
0 0,0 0,0 0,98 0,0 0,0 0,0 0,0 0,0 0,0 0,0 0,0 0,0 0,0 0,0 0,0 0,0 0,98 0,0 0,0 0,0 0
0 0,0 0,0 0,98 0,0 0,0 0,0 0,0 0,0 0,0 0,0 0,0 0,0 0,0 0,0 0,0 0,0 0,98 0,0 0,0 0,0 0
0 0,106 8,98 0,98 0,0 0,0 0,0 0,0 0,0 0,0 0,0 0,0 0,0 0,0 0,0 0,0 0,0 0,98 0,98 0,0 0,0 0
106 8,98 0,0 0,0 0,0 0,0 0,0 0,0 0,0 0,0 0,0 0,0 0,0 0,0 0,0 0,0 0,0 0,0 0,0 0,98 0,0 0
0 0,98 0,65 5,0 0,0 0,98 0,98 0,98 0,98 0,98 0,98 0,98 0,98 0,98 0,98 0,98 0,0 0,0 0,65 4,98 0,0 0
106 8,98 0,0 0,0 0,0 0,98 0,0 0,0 0,0 0,0 0,0 0,0 0,0 0,0 0,0 0,98 0,0 0,0 0,0 0,98 0,0 0
0 0,106 4,98 0,98 0,98 0,0 0,0 0,0 0,0 0,0 0,0 0,0 0,0 0,0 0,0 0,0 0,98 0,98 0,98 0,0 0,0 0
0 0,0 0,0 0,0 0,0 0,0 0,0 0,0 0,18 1,18 1,18 1,0 0,0 0,0 0,0 0,0 0,0 0,0 0,0 0,0 0,0 0
0 0,0 0,0 0,0 0,106 1,0 0,0 0,0 0,0 0,0 0,0 0,0 0,0 0,0 0,0 0,0 0,0 0,0 0,0 0,0 0,0 0
0 0,106 8,98 0,98 0,98 0,106 2,0 0,0 0,0 0,0 0,0 0,0 0,0 0,0 0,0 0,0 0,98 0,98 0,98 0,106 3,0 0
0 0,98 0,5 0,5 0,5 0,98 0,98 0,98 0,98 0,98 0,98 0,98 0,98 0,98 0,98 0,98 0,5 0,5 0,5 0,98 0,106 2
0 0,98 0,65 5,5 0,5 0,5 0,5 0,5 0,5 0,85 0,85 0,85 0,5 0,5 0,5 0,5 0,5 0,5 0,65 4,98 0,50 1
0 0,98 0,5 0,5 0,5 0,98 0,98 0,98 0,98 0,98 0,98 0,98 0,98 0,98 0,98 0,98 0,5 0,5 0,5 0,98 0,0 0
0 0,0 0,98 0,5 0,98 0,98 0,98 0,98 0,98 0,98 0,98 0,98 0,98 0,98 0,98 0,98 0,98 0,5 0,98 0,0 0,0 0
0 0,0 0,98 0,5 0,98 0,98 0,98 0,98 0,98 0,98 0,98 0,98 0,98 0,98 0,98 0,98 0,98 0,5 0,98 0,0 0,0 0
0 0,0 0,98 0,5 0,98 0,98 0,98 0,98 0,0 0,0 0,50 3,0 0,0 0,98 0,98 0,98 0,98 0,5 0,98 0,0 0,0 0
0 0,106 8,98 0,5 0,98 0,98 0,98 0,0 0,0 0,0 0,0 0,0 0,0 0,0 0,98 0,98 0,98 0,5 0,98 0,0 0,0 0
0 0,106 8,98 0,5 0,98 0,98 0,98 0,0 0,0 0,0 0,0 0,0 0,0 0,0 0,98 0,98 0,98 0,5 0,98 0,0 0,0 0
0 0,106 8,98 0,5 0,98 0,98 0,98 0,50 1,0 0,0 0,0 0,0 0,0 0,0 0,98 0,98 0,98 0,5 0,98 0,0 0,0 0
0 0,0 0,98 0,5 0,98 0,98 0,98 0,0 0,0 0,0 0,0 0,0 0,0 0,0 0,98 0,98 0,98 0,5 0,98 0,0 0,0 0
0 0,0 0,98 0,5 0,98 0,98 0,98 0,0 0,0 0,0 0,0 0,0 0,0 0,0 0,98 0,98 0,98 0,5 0,98 0,0 0,0 0
0 0,0 0,98 0,5 0,98 0,98 0,98 0,98 0,0 0,0 0,0 0,0 0,0 0,98 0,98 0,98 0,98 0,5 0,98 0,0 0,0 0
0 0,0 0,98 0,5 0,98 0,98 0,98 0,98 0,98 0,98 0,98 0,98 0,98 0,98 0,98 0,98 0,98 0,5 0,98 0,0 0,0 0
0 0,106 8,98 0,5 0,98 0,98 0,98 0,98 0,98 0,98 0,98 0,98 0,98 0,98 0,98 0,98 0,98 0,5 0,98 0,0 0,0 0
106 8,98 0,5 0,5 0,5 0,98 0,98 0,98 0,98 0,98 0,98 0,98 0,98 0,98 0,98 0,98 0,5 0,5 0,5 0,98 0,0 0
0 0,98 0,65 5,5 0,5 0,5 0,5 0,0 0,0 0,0 0,0 0,0 0,0 0,0 0,5 0,5 0,5 0,5 0,65 4,98 0,50 1
106 8,98 0,5 0,5 0,5 0,98 0,98 0,98 0,98 0,98 0,98 0,98 0,98 0,98 0,98 0,98 0,5 0,5 0,5 0,98 0,0 0
0 0,106 4,98 0,98 0,98 0,0 0,0 0,0 0,0 0,0 0,0 0,0 0,0 0,0 0,0 0,0 0,98 0,98 0,98 0,0 0,0 0
0 0,0 0,0 0,50 3,0 0,0 0,0 0,0 0,18 1,0 0,0 0,0 0,0 0,0 0,0 0,0 0,0 0,50 3,0 0,0 0,0 0
0 0,0 0,0 0,0 0,106 1,0 0,0 0,0 0,0 0,0 0,0 0,0 0,0 0,0 0,0 0,0 0,0 0,0 0,0 0,0 0,0 0
0 0,106 8,98 0,98 0,98 0,106 1,0 0,0 0,0 0,0 0,0 0,0 0,0 0,0 0,0 0,0 0,98 0,98 0,98 0,106 3,0 0
0 0,98 0,0 0,0 0,0 0,98 0,44 5,109 0,98 0,98 0,98 0,98 0,98 0,109 1,44 5,98 0,0 0,0 0,0 0,98 0,106 2
0 0,98 0,65 5,0 0,0 0,0 0,0 0,0 0,53 0,5 0,5 0,5 0,53 1,0 0,0 0,0 0,0 0,0 0,65 4,98 0,106 2
0 0,98 0,0 0,0 0,0 0,98 0,44 5,109 0,98 0,98 0,98 0,98 0,98 0,109 1,44 5,98 0,0 0,0 0,0 0,98 0,0 0
0 0,0 0,98 0,0 0,98 0,0 0,0 0,0 0,0 0,0 0,0 0,0 0,0 0,0 0,0 0,0 0,98 0,0 0,98 0,0 0,0 0
0 0,0 0,44 5,0 0,44 5,0 0,0 0,0 0,0 0,0 0,0 0,0 0,0 0,0 0,0 0,0 0,44 5,0 0,44 5,0 0,0 0
0 0,0 0,98 0,0 0,98 0,0 0,0 0,44 5,98 0,98 0,98 0,98 0,98 0,44 5,0 0,0 0,98 0,0 0,98 0,0 0,0 0
0 0,0 0,44 5,0 0,44 5,0 0,0 0,98 0,98 0,0 0,0 0,0 0,98 0,98 0,0 0,0 0,44 5,0 0,44 5,0 0,0 0
0 0,106 8,98 0,0 0,98 0,0 0,0 0,98 0,0 0,0 0,0 0,0 0,0 0,98 0,0 0,0 0,98 0,0 0,98 0,0 0,0 0
0 0,0 0,44 5,0 0,44 5,0 0,0 0,98 0,0 0,0 0,0 0,0 0,0 0,98 0,0 0,0 0,44 5,0 0,44 5,0 0,0 0
0 0,0 0,98 0,0 0,98 0,0 0,0 0,98 0,0 0,0 0,0 0,0 0,0 0,98 0,0 0,0 0,98 0,0 0,98 0,0 0,0 0
0 0,0 0,44 5,0 0,44 5,0 0,0 0,98 0,98 0,0 0,0 0,0 0,98 0,98 0,0 0,0 0,44 5,0 0,44 5,0 0,0 0
0 0,0 0,98 0,0 0,98 0,0 0,0 0,44 5,98 0,98 0,98 0,98 0,98 0,44 5,0 0,0 0,98 0,0 0,98 0,0 0,0 0
0 0,0 0,44 5,0 0,44 5,0 0,0 0,0 0,0 0,0 0,0 0,0 0,0 0,0 0,0 0,0 0,44 5,0 0,44 5,0 0,0 0
0 0,0 0,98 0,0 0,98 0,0 0,0 0,0 0,0 0,0 0,0 0,0 0,0 0,0 0,0 0,0 0,98 0,0 0,98 0,0 0,0 0
0 0,98 0,0 0,0 0,0 0,98 0,44 5,98 0,44 5,98 0,44 5,98 0,44 5,98 0,44 5,98 0,0 0,0 0,0 0,98 0,0 0
106 8,98 0,65 5,0 0,0 0,0 0,0 0,0 0,0 0,0 0,0 0,0 0,0 0,0 0,0 0,0 0,0 0,0 0,65 4,98 0,0 0
106 8,98 0,0 0,0 0,0 0,98 0,44 5,98 0,44 5,98 0,44 5,98 0,44 5,98 0,44 5,98 0,0 0,0 0,0 0,98 0,0 0
0 0,106 4,98 0,98 0,98 0,0 0,0 0,0 0,0 0,0 0,0 0,0 0,0 0,0 0,0 0,0 0,98 0,98 0,98 0,0 0,0 0
0 0,0 0,0 0,0 0,0 0,0 0,0 0,0 0,18 1,18 1,18 1,0 0,0 0,0 0,0 0,0 0,0 0,0 0,0 0,0 0,0 0
0 0,0 0,0 0,0 0,106 1,0 0,0 0,0 0,0 0,0 0,0 0,0 0,0 0,0 0,0 0,0 0,0 0,0 0,0 0,0 0,0 0
0 0,106 8,98 0,98 0,98 0,0 0,0 0,0 0,0 0,0 0,0 0,0 0,0 0,0 0,0 0,0 0,98 0,98 0,98 0,106 3,0 0
0 0,98 0,0 0,50 3,0 0,98 0,0 0,0 0,44 5,0 0,44 5,0 0,44 5,0 0,0 0,98 0,0 0,50 3,0 0,98 0,106 2
0 0,98 0,65 5,0 0,0 0,0 0,0 0,0 0,0 0,0 0,0 0,0 0,0 0,0 0,0 0,0 0,0 0,0 0,65 4,98 0,106 2
0 0,98 0,0 0,0 0,0 0,98 0,0 0,0 0,44 5,0 0,44 5,0 0,44 5,0 0,0 0,98 0,0 0,0 0,0 0,98 0,0 0
0 0,0 0,98 0,0 0,98 0,0 0,0 0,0 0,0 0,0 0,0 0,0 0,0 0,0 0,0 0,0 0,98 0,0 0,98 0,0 0,0 0
0 0,0 0,0 0,0 0,0 0,0 0,0 0,0 0,0 0,0 0,0 0,0 0,0 0,0 0,0 0,0 0,0 0,0 0,0 0,0 0,0 0
0 0,0 0,0 0,0 0,0 0,0 0,0 0,0 0,0 0,0 0,0 0,0 0,0 0,0 0,0 0,0 0,0 0,0 0,0 0,0 0,0 0
0 0,0 0,0 0,0 0,0 0,0 0,0 0,0 0,44 5,98 0,98 0,98 0,44 5,0 0,0 0,0 0,0 0,0 0,0 0,0 0,0 0
0 0,0 0,0 0,0 0,0 0,0 0,0 0,0 0,98 0,20 0,20 0,20 0,98 0,0 0,0 0,0 0,0 0,0 0,0 0,0 0,0 0
0 0,0 0,0 0,0 0,0 0,0 0,0 0,0 0,98 0,20 0,20 0,20 0,98 0,0 0,0 0,0 0,0 0,0 0,0 0,0 0,0 0
0 0,0 0,0 0,0 0,0 0,0 0,0 0,0 0,98 0,20 0,20 0,20 0,98 0,0 0,0 0,0 0,0 0,0 0,0 0,0 0,0 0
0 0,0 0,0 0,0 0,0 0,0 0,0 0,0 0,44 5,98 0,98 0,98 0,44 5,0 0,0 0,0 0,0 0,0 0,0 0,0 0,0 0
0 0,0 0,0 0,0 0,0 0,0 0,0 0,0 0,0 0,0 0,0 0,0 0,0 0,0 0,0 0,0 0,0 0,0 0,0 0,0 0,0 0
0 0,0 0,0 0,0 0,0 0,0 0,0 0,0 0,0 0,0 0,0 0,0 0,0 0,0 0,0 0,0 0,0 0,0 0,0 0,0 0,0 0
0 0,0 0,98 0,0 0,98 0,0 0,0 0,0 0,0 0,0 0,0 0,0 0,0 0,0 0,0 0,0 0,98 0,0 0,98 0,0 0,0 0
0 0,98 0,0 0,0 0,0 0,98 0,0 0,0 0,0 0,0 0,0 0,0 0,0 0,0 0,0 0,98 0,0 0,0 0,0 0,98 0,0 0
106 8,98 0,65 5,0 0,0 0,0 0,0 0,0 0,0 0,0 0,0 0,0 0,0 0,0 0,0 0,0 0,0 0,0 0,65 4,98 0,0 0
106 8,98 0,0 0,0 0,0 0,98 0,0 0,0 0,0 0,0 0,0 0,0 0,0 0,0 0,0 0,98 0,0 0,0 0,0 0,98 0,0 0
0 0,106 4,98 0,98 0,98 0,0 0,0 0,0 0,0 0,0 0,0 0,0 0,0 0,0 0,0 0,0 0,98 0,98 0,98 0,0 0,0 0
0 0,0 0,0 0,0 0,0 0,0 0,0 0,0 0,0 0,0 0,0 0,0 0,0 0,0 0,0 0,0 0,0 0,0 0,0 0,0 0,0 0
0 0,0 0,0 0,106 1,106 1,0 0,0 0,0 0,0 0,0 0,0 0,0 0,0 0,0 0,0 0,0 0,0 0,0 0,0 0,0 0,0 0
0 0,0 0,98 0,98 0,98 0,0 0,0 0,0 0,0 0,0 0,0 0,0 0,0 0,0 0,0 0,0 0,98 0,98 0,98 0,106 3,0 0
0 0,98 0,0 0,0 0,0 0,98 0,0 0,0 0,0 0,0 0,0 0,0 0,0 0,0 0,0 0,98 0,0 0,0 0,0 0,98 0,106 2
0 0,98 0,65 5,0 0,0 0,98 0,50 1,0 0,0 0,0 0,0 0,0 0,0 0,0 0,0 0,98 0,0 0,0 0,65 4,98 0,106 2
0 0,98 0,0 0,0 0,0 0,98 0,0 0,0 0,0 0,0 0,0 0,0 0,0 0,0 0,0 0,98 0,0 0,0 0,0 0,98 0,0 0
0 0,0 0,98 0,98 0,98 0,0 0,0 0,0 0,0 0,0 0,0 0,0 0,0 0,0 0,0 0,0 0,98 0,98 0,98 0,0 0,0 0
0 0,0 0,0 0,50 3,0 0,0 0,0 0,0 0,0 0,0 0,0 0,0 0,0 0,0 0,0 0,0 0,0 0,50 3,0 0,0 0,0 0
0 0,0 0,0 0,0 0,0 0,0 0,0 0,0 0,0 0,0 0,0 0,0 0,0 0,0 0,0 0,0 0,0 0,0 0,0 0,0 0,0 0
0 0,0 0,0 0,0 0,0 0,0 0,0 0,0 0,0 0,0 0,0 0,0 0,0 0,0 0,0 0,0 0,0 0,0 0,0 0,0 0,0 0
0 0,0 0,0 0,0 0,0 0,0 0,0 0,0 0,0 0,0 0,0 0,0 0,0 0,0 0,0 0,0 0,0 0,0 0,0 0,0 0,0 0
0 0,0 0,0 0,0 0,0 0,0 0,0 0,0 0,0 0,0 0,0 0,0 0,0 0,0 0,0 0,0 0,0 0,0 0,0 0,0 0,0 0
0 0,0 0,0 0,0 0,0 0,0 0,0 0,0 0,0 0,0 0,0 0,0 0,0 0,0 0,0 0,0 0,0 0,0 0,0 0,0 0,0 0
0 0,0 0,0 0,0 0,0 0,0 0,0 0,0 0,0 0,0 0,0 0,0 0,0 0,0 0,0 0,0 0,0 0,0 0,0 0,0 0,0 0
0 0,0 0,0 0,0 0,0 0,0 0,0 0,0 0,0 0,0 0,0 0,0 0,0 0,0 0,0 0,0 0,0 0,0 0,0 0,0 0,0 0
0 0,0 0,0 0,0 0,0 0,0 0,0 0,0 0,0 0,0 0,0 0,0 0,0 0,0 0,0 0,0 0,0 0,0 0,0 0,0 0,0 0
0 0,0 0,98 0,98 0,98 0,0 0,0 0,0 0,0 0,0 0,0 0,0 0,0 0,0 0,0 0,0 0,98 0,98 0,98 0,0 0,0 0
0 0,98 0,0 0,0 0,0 0,98 0,0 0,0 0,0 0,0 0,0 0,0 0,0 0,0 0,0 0,98 0,0 0,0 0,0 0,98 0,0 0
0 0,98 0,65 5,0 0,0 0,98 0,50 1,0 0,0 0,0 0,0 0,0 0,0 0,0 0,0 0,98 0,0 0,0 0,65 4,98 0,0 0
106 8,98 0,0 0,0 0,0 0,98 0,0 0,0 0,0 0,0 0,0 0,0 0,0 0,0 0,0 0,98 0,0 0,0 0,0 0,98 0,0 0
0 0,106 4,98 0,98 0,98 0,0 0,0 0,0 0,0 0,0 0,0 0,0 0,0 0,0 0,0 0,0 0,98 0,98 0,98 0,0 0,0 0
0 0,0 0,0 0,0 0,0 0,0 0,0 0,0 0,0 0,0 0,0 0,0 0,0 0,0 0,0 0,0 0,0 0,0 0,0 0,0 0,0 0
0 0,0 0,0 0,0 0,106 1,0 0,0 0,0 0,0 0,0 0,0 0,0 0,0 0,0 0,0 0,0 0,0 0,0 0,0 0,0 0,0 0
0 0,98 0,98 0,98 0,98 0,98 0,0 0,0 0,0 0,0 0,0 0,0 0,0 0,0 0,0 0,98 0,98 0,98 0,98 0,98 0,0 0
0 0,98 0,5 0,5 0,5 0,98 0,0 0,0 0,0 0,0 0,0 0,0 0,0 0,0 0,0 0,98 0,5 0,5 0,5 0,98 0,0 0
0 0,98 0,65 5,5 0,5 0,98 0,0 0,0 0,0 0,0 0,0 0,0 0,0 0,0 0,0 0,98 0,5 0,5 0,65 4,98 0,0 0
0 0,98 0,5 0,5 0,5 0,98 0,0 0,0 0,0 0,0 0,0 0,0 0,0 0,0 0,0 0,98 0,5 0,5 0,5 0,98 0,0 0
0 0,98 0,98 0,98 0,98 0,98 0,0 0,0 0,0 0,0 0,0 0,0 0,0 0,0 0,0 0,98 0,98 0,98 0,98 0,98 0,0 0
0 0,0 0,0 0,0 0,0 0,0 0,0 0,0 0,0 0,0 0,0 0,0 0,0 0,0 0,0 0,0 0,0 0,0 0,0 0,0 0,0 0
0 0,0 0,0 0,0 0,0 0,0 0,0 0,0 0,0 0,0 0,0 0,0 0,0 0,0 0,0 0,0 0,0 0,0 0,0 0,0 0,0 0
0 0,0 0,0 0,0 0,0 0,0 0,0 0,0 0,0 0,0 0,0 0,0 0,0 0,0 0,0 0,0 0,0 0,0 0,0 0,0 0,0 0
0 0,0 0,0 0,0 0,0 0,0 0,0 0,0 0,0 0,0 0,0 0,0 0,0 0,0 0,0 0,0 0,0 0,0 0,0 0,0 0,0 0
0 0,0 0,0 0,0 0,0 0,0 0,0 0,0 0,0 0,0 0,0 0,0 0,0 0,0 0,0 0,0 0,0 0,0 0,0 0,0 0,0 0
0 0,0 0,0 0,0 0,0 0,0 0,0 0,0 0,0 0,0 0,0 0,0 0,0 0,0 0,0 0,0 0,0 0,0 0,0 0,0 0,0 0
0 0,0 0,0 0,0 0,0 0,0 0,0 0,0 0,0 0,0 0,0 0,0 0,0 0,0 0,0 0,0 0,0 0,0 0,0 0,0 0,0 0
0 0,0 0,0 0,0 0,0 0,0 0,0 0,0 0,0 0,0 0,0 0,0 0,0 0,0 0,0 0,0 0,0 0,0 0,0 0,0 0,0 0
0 0,0 0,0 0,0 0,0 0,0 0,0 0,0 0,0 0,0 0,0 0,0 0,0 0,0 0,0 0,0 0,0 0,0 0,0 0,0 0,0 0
0 0,98 0,98 0,98 0,98 0,98 0,0 0,0 0,0 0,0 0,0 0,0 0,0 0,0 0,0 0,98 0,98 0,98 0,98 0,98 0,0 0
0 0,98 0,5 0,5 0,5 0,98 0,0 0,0 0,0 0,0 0,0 0,0 0,0 0,0 0,0 0,98 0,5 0,5 0,5 0,98 0,0 0
0 0,98 0,65 5,5 0,5 0,98 0,0 0,0 0,0 0,0 0,0 0,0 0,0 0,0 0,0 0,98 0,5 0,5 0,65 4,98 0,0 0
0 0,98 0,5 0,5 0,5 0,98 0,0 0,0 0,0 0,0 0,0 0,0 0,0 0,0 0,0 0,98 0,5 0,5 0,5 0,98 0,0 0
0 0,98 0,98 0,98 0,98 0,98 0,0 0,0 0,0 0,0 0,0 0,0 0,0 0,0 0,0 0,98 0,98 0,98 0,98 0,98 0,0 0
0 0,0 0,0 0,0 0,0 0,0 0,0 0,0 0,0 0,0 0,0 0,0 0,0 0,0 0,0 0,0 0,0 0,0 0,0 0,0 0,0 0
0 0,0 0,0 0,0 0,0 0,0 0,0 0,0 0,0 0,0 0,0 0,0 0,0 0,0 0,0 0,0 0,0 0,0 0,0 0,0 0,0 0
0 0,98 0,44 5,98 0,44 5,98 0,0 0,0 0,0 0,0 0,0 0,0 0,0 0,0 0,0 0,98 0,44 5,98 0,44 5,98 0,0 0
0 0,44 5,0 0,0 0,0 0,44 5,0 0,0 0,0 0,0 0,0 0,0 0,0 0,0 0,0 0,44 5,0 0,0 0,0 0,44 5,0 0
0 0,98 0,96 3,50 5,0 0,98 0,0 0,0 0,0 0,0 0,0 0,0 0,0 0,0 0,0 0,98 0,0 0,50 5,96 2,98 0,0 0
0 0,44 5,0 0,0 0,0 0,44 5,0 0,0 0,0 0,0 0,0 0,0 0,0 0,0 0,0 0,44 5,0 0,0 0,0 0,44 5,0 0
0 0,98 0,44 5,98 0,44 5,98 0,0 0,0 0,0 0,0 0,0 0,0 0,0 0,0 0,0 0,98 0,44 5,98 0,44 5,98 0,0 0
0 0,0 0,0 0,0 0,0 0,0 0,0 0,0 0,0 0,0 0,0 0,0 0,0 0,0 0,0 0,0 0,0 0,0 0,0 0,0 0,0 0
0 0,0 0,0 0,0 0,0 0,0 0,0 0,0 0,0 0,0 0,0 0,0 0,0 0,0 0,0 0,0 0,0 0,0 0,0 0,0 0,0 0
0 0,0 0,0 0,0 0,0 0,0 0,0 0,0 0,0 0,0 0,0 0,0 0,0 0,0 0,0 0,0 0,0 0,0 0,0 0,0 0,0 0
0 0,0 0,0 0,0 0,0 0,0 0,0 0,0 0,0 0,0 0,0 0,0 0,0 0,0 0,0 0,0 0,0 0,0 0,0 0,0 0,0 0
0 0,0 0,0 0,0 0,0 0,0 0,0 0,0 0,0 0,0 0,0 0,0 0,0 0,0 0,0 0,0 0,0 0,0 0,0 0,0 0,0 0
0 0,0 0,0 0,0 0,0 0,0 0,0 0,0 0,0 0,0 0,0 0,0 0,0 0,0 0,0 0,0 0,0 0,0 0,0 0,0 0,0 0
0 0,0 0,0 0,0 0,0 0,0 0,0 0,0 0,0 0,0 0,0 0,0 0,0 0,0 0,0 0,0 0,0 0,0 0,0 0,0 0,0 0
0 0,0 0,0 0,0 0,0 0,0 0,0 0,0 0,0 0,0 0,0 0,0 0,0 0,0 0,0 0,0 0,0 0,0 0,0 0,0 0,0 0
0 0,0 0,0 0,0 0,0 0,0 0,0 0,0 0,0 0,0 0,0 0,0 0,0 0,0 0,0 0,0 0,0 0,0 0,0 0,0 0,0 0
0 0,98 0,44 5,98 0,44 5,98 0,0 0,0 0,0 0,0 0,0 0,0 0,0 0,0 0,0 0,98 0,44 5,98 0,44 5,98 0,0 0
0 0,44 5,0 0,0 0,0 0,44 5,0 0,0 0,0 0,0 0,0 0,0 0,0 0,0 0,0 0,44 5,0 0,0 0,0 0,44 5,0 0
0 0,98 0,96 3,50 5,0 0,98 0,0 0,0 0,0 0,0 0,0 0,0 0,0 0,0 0,0 0,98 0,0 0,50 5,96 2,98 0,0 0
0 0,44 5,0 0,0 0,0 0,44 5,0 0,0 0,0 0,0 0,0 0,0 0,0 0,0 0,0 0,44 5,0 0,0 0,0 0,44 5,0 0
0 0,98 0,44 5,98 0,44 5,98 0,0 0,0 0,0 0,0 0,0 0,0 0,0 0,0 0,0 0,98 0,44 5,98 0,44 5,98 0,0 0
0 0,0 0,0 0,0 0,0 0,0 0,0 0,0 0,0 0,0 0,0 0,0 0,0 0,0 0,0 0,0 0,0 0,0 0,0 0,0 0,0 0
