63 13 13 0
general:5:4:5:
general:5:6:8:
general:8:10:5:
general:5:12:5:
general:8:16:8:
general:8:18:5:
general:5:22:8:
general:8:24:8:
general:8:26:5:
general:5:28:5:
general:5:30:8:
general:8:32:8:
general:5:36:5:
general:8:40:8:
general:8:42:5:
general:5:46:8:
general:8:50:5:
general:5:52:5:
general:5:54:8:
general:8:56:5:
general:5:56:5:
general:8:56:8:
general:3:64:9:
general:8:64:9:
general:11:64:5:
general:8:64:3:
general:4:64:3:
[loot]
loot:6:63:3:
loot:11:63:8:
loot:6:63:11:
loot:2:63:6:
[events]
killingspree
[zones]
general:8,1,4:14,7,8
[blocks]
0 0,0 0,0 0,1 0,1 0,3 0,3 0,3 0,2 0,0 0,0 0,0 0,0 0
0 0,0 0,0 0,1 0,1 0,3 0,3 0,2 0,0 0,0 0,0 0,0 0,0 0
0 0,0 0,0 0,1 0,1 0,3 0,3 0,3 0,4 0,4 0,0 0,0 0,0 0
0 0,0 0,0 0,1 0,1 0,3 0,3 0,4 0,4 0,4 0,4 0,0 0,0 0
0 0,0 0,50 2,1 0,1 0,3 0,3 0,4 0,4 0,4 0,3 0,2 0,2 0
0 0,0 0,0 0,1 0,1 0,3 0,9 0,9 0,4 0,4 0,4 0,4 0,67 1
0 0,0 0,0 0,1 0,3 0,3 0,9 0,9 0,4 0,4 0,4 0,4 0,67 1
0 0,0 0,0 0,1 0,3 0,3 0,4 0,4 0,4 0,4 0,3 0,0 0,0 0
0 0,0 0,0 0,1 0,3 0,3 0,4 0,4 0,4 0,4 0,3 0,0 0,0 0
0 0,0 0,0 0,3 0,3 0,3 0,3 0,3 0,3 0,4 0,0 0,0 0,0 0
0 0,0 0,50 2,3 0,3 0,3 0,3 0,2 0,2 0,0 0,0 0,0 0,0 0
0 0,0 0,0 0,3 0,3 0,3 0,2 0,2 0,0 0,0 0,0 0,0 0,0 0
0 0,0 0,0 0,3 0,3 0,2 0,2 0,0 0,0 0,0 0,0 0,0 0,0 0
0 0,0 0,0 0,1 0,1 0,2 0,2 0,2 0,0 0,0 0,0 0,0 0,0 0
0 0,0 0,0 0,1 0,1 0,2 0,2 0,0 0,0 0,0 0,0 0,0 0,0 0
0 0,0 0,0 0,1 0,1 0,3 0,3 0,4 0,4 0,4 0,0 0,0 0,0 0
0 0,0 0,0 0,1 0,1 0,3 0,3 0,67 1,0 0,0 0,4 0,0 0,0 0
0 0,0 0,0 0,1 0,3 0,3 0,4 0,67 1,0 0,0 0,4 0,0 0,0 0
0 0,0 0,0 0,1 0,3 0,4 0,0 0,0 0,0 0,0 0,0 0,0 0,0 0
0 0,0 0,0 0,1 0,3 0,4 0,0 0,0 0,0 0,0 0,0 0,0 0,0 0
0 0,0 0,0 0,1 0,3 0,4 0,0 0,0 0,0 0,0 0,4 0,0 0,0 0
0 0,0 0,0 0,3 0,3 0,4 0,58 0,0 0,61 2,54 2,4 0,0 0,0 0
0 0,0 0,0 0,3 0,3 0,2 0,4 0,4 0,4 0,4 0,0 0,0 0,0 0
0 0,0 0,0 0,3 0,3 0,3 0,2 0,0 0,0 0,0 0,0 0,0 0,0 0
0 0,0 0,0 0,3 0,3 0,3 0,0 0,0 0,0 0,0 0,0 0,0 0,0 0
0 0,0 0,0 0,3 0,2 0,0 0,0 0,0 0,0 0,0 0,0 0,0 0,0 0
0 0,0 0,0 0,0 0,0 0,0 0,0 0,0 0,0 0,0 0,0 0,0 0,0 0
0 0,0 0,0 0,0 0,0 0,0 0,0 0,0 0,0 0,0 0,0 0,0 0,0 0
0 0,0 0,0 0,0 0,4 0,4 0,4 0,4 0,4 0,4 0,0 0,0 0,0 0
0 0,0 0,0 0,1 0,4 0,4 0,67 1,0 0,0 0,0 0,4 0,0 0,0 0
0 0,0 0,0 0,1 0,4 0,4 0,67 1,0 0,0 0,50 2,4 0,50 1,0 0
0 0,0 0,0 0,1 0,3 0,4 0,0 0,0 0,0 0,0 0,0 0,0 0,0 0
0 0,0 0,0 0,1 0,3 0,4 0,0 0,0 0,0 0,0 0,0 0,0 0,0 0
0 0,0 0,0 0,3 0,3 0,4 0,50 1,0 0,0 0,0 0,4 0,50 1,0 0
0 0,0 0,0 0,3 0,3 0,4 0,0 0,0 0,50 4,0 0,4 0,0 0,0 0
0 0,0 0,0 0,3 0,3 0,0 0,4 0,4 0,4 0,4 0,0 0,0 0,0 0
0 0,0 0,0 0,3 0,3 0,3 0,0 0,0 0,0 0,0 0,0 0,0 0,0 0
0 0,0 0,0 0,2 0,2 0,2 0,0 0,0 0,0 0,0 0,0 0,0 0,0 0
0 0,0 0,0 0,2 0,0 0,0 0,0 0,0 0,0 0,0 0,0 0,0 0,0 0
0 0,0 0,0 0,0 0,0 0,0 0,0 0,0 0,0 0,0 0,0 0,0 0,0 0
0 0,0 0,0 0,0 0,0 0,0 0,50 4,0 0,0 0,0 0,0 0,0 0,0 0
0 0,0 0,0 0,0 0,4 0,4 0,4 0,4 0,4 0,4 0,0 0,0 0,0 0
0 0,0 0,0 0,1 0,0 0,0 0,0 0,0 0,0 0,0 0,4 0,0 0,0 0
0 0,0 0,0 0,1 0,0 0,0 0,0 0,0 0,0 0,0 0,4 0,0 0,0 0
0 0,0 0,0 0,1 0,67 2,67 2,0 0,0 0,0 0,0 0,4 0,0 0,0 0
0 0,0 0,0 0,3 0,4 0,4 0,0 0,0 0,0 0,0 0,4 0,0 0,0 0
0 0,0 0,0 0,3 0,4 0,4 0,0 0,0 0,0 0,0 0,4 0,0 0,0 0
0 0,0 0,0 0,3 0,4 0,4 0,0 0,0 0,0 0,0 0,4 0,0 0,0 0
0 0,0 0,0 0,2 0,3 0,3 0,4 0,4 0,4 0,4 0,0 0,0 0,0 0
0 0,0 0,0 0,2 0,2 0,2 0,0 0,0 0,0 0,0 0,0 0,0 0,0 0
0 0,0 0,0 0,0 0,0 0,0 0,0 0,0 0,0 0,0 0,0 0,0 0,0 0
0 0,0 0,0 0,0 0,0 0,0 0,0 0,0 0,0 0,0 0,0 0,0 0,0 0
0 0,0 0,0 0,0 0,0 0,0 0,0 0,0 0,0 0,0 0,0 0,0 0,0 0
0 0,0 0,0 0,0 0,0 0,0 0,0 0,0 0,0 0,0 0,0 0,0 0,0 0
0 0,0 0,0 0,0 0,4 0,4 0,4 0,4 0,4 0,4 0,0 0,0 0,0 0
0 0,0 0,0 0,1 0,0 0,50 3,0 0,0 0,0 0,0 0,4 0,0 0,0 0
0 0,0 0,0 0,1 0,0 0,0 0,0 0,0 0,0 0,50 2,4 0,0 0,0 0
0 0,0 0,0 0,4 0,0 0,0 0,0 0,0 0,0 0,0 0,4 0,0 0,0 0
0 0,0 0,0 0,4 0,67 2,67 2,0 0,0 0,0 0,0 0,4 0,0 0,0 0
0 0,0 0,0 0,4 0,4 0,4 0,4 0,0 0,0 0,50 2,4 0,0 0,0 0
0 0,0 0,0 0,4 0,4 0,4 0,4 0,0 0,0 0,0 0,4 0,0 0,0 0
0 0,0 0,0 0,0 0,4 0,4 0,4 0,4 0,4 0,4 0,0 0,0 0,0 0
0 0,0 0,0 0,0 0,0 0,0 0,0 0,0 0,0 0,0 0,0 0,0 0,0 0
0 0,0 0,0 0,0 0,0 0,0 0,0 0,0 0,0 0,0 0,0 0,0 0,0 0
0 0,0 0,0 0,0 0,0 0,0 0,0 0,0 0,0 0,0 0,0 0,0 0,0 0
0 0,0 0,0 0,0 0,0 0,0 0,0 0,0 0,0 0,0 0,0 0,0 0,0 0
0 0,0 0,0 0,0 0,0 0,0 0,0 0,0 0,0 0,0 0,0 0,0 0,0 0
0 0,0 0,0 0,0 0,4 0,4 0,4 0,4 0,4 0,4 0,0 0,0 0,0 0
0 0,0 0,0 0,1 0,0 0,0 0,0 0,0 0,0 0,0 0,4 0,0 0,0 0
0 0,0 0,0 0,1 0,0 0,0 0,0 0,0 0,0 0,0 0,4 0,0 0,0 0
0 0,0 0,0 0,4 0,0 0,0 0,0 0,0 0,0 0,0 0,4 0,0 0,0 0
0 0,0 0,0 0,4 0,0 0,0 0,0 0,0 0,0 0,0 0,4 0,0 0,0 0
0 0,0 0,0 0,4 0,0 0,0 0,67 0,4 0,0 0,0 0,4 0,0 0,0 0
0 0,0 0,0 0,4 0,0 0,0 0,67 0,4 0,0 0,0 0,4 0,0 0,0 0
0 0,0 0,0 0,0 0,4 0,4 0,4 0,4 0,4 0,4 0,0 0,0 0,0 0
0 0,0 0,0 0,0 0,0 0,0 0,0 0,0 0,0 0,0 0,0 0,0 0,0 0
0 0,0 0,0 0,0 0,0 0,0 0,0 0,0 0,0 0,0 0,0 0,0 0,0 0
0 0,0 0,0 0,0 0,0 0,0 0,0 0,0 0,0 0,0 0,0 0,0 0,0 0
0 0,0 0,0 0,0 0,0 0,0 0,0 0,0 0,0 0,0 0,0 0,0 0,0 0
0 0,0 0,0 0,0 0,0 0,0 0,0 0,0 0,0 0,0 0,0 0,0 0,0 0
0 0,0 0,0 0,0 0,4 0,4 0,4 0,4 0,4 0,4 0,0 0,0 0,0 0
0 0,0 0,0 0,4 0,0 0,0 0,0 0,0 0,0 0,0 0,4 0,0 0,0 0
0 0,0 0,0 0,4 0,0 0,0 0,0 0,0 0,0 0,0 0,4 0,0 0,0 0
0 0,0 0,0 0,4 0,0 0,0 0,0 0,0 0,0 0,0 0,4 0,0 0,0 0
0 0,0 0,0 0,4 0,0 0,0 0,0 0,0 0,4 0,4 0,4 0,0 0,0 0
0 0,0 0,0 0,4 0,0 0,0 0,0 0,67 0,4 0,4 0,4 0,0 0,0 0
0 0,0 0,0 0,4 0,50 4,0 0,0 0,67 0,4 0,4 0,4 0,0 0,0 0
0 0,0 0,0 0,0 0,4 0,4 0,4 0,4 0,4 0,4 0,0 0,0 0,0 0
0 0,0 0,0 0,0 0,0 0,0 0,0 0,0 0,0 0,0 0,0 0,0 0,0 0
0 0,0 0,0 0,0 0,0 0,0 0,0 0,0 0,0 0,0 0,0 0,0 0,0 0
0 0,0 0,0 0,0 0,0 0,0 0,0 0,0 0,0 0,0 0,0 0,0 0,0 0
0 0,0 0,0 0,0 0,0 0,0 0,0 0,0 0,0 0,0 0,0 0,0 0,0 0
0 0,0 0,0 0,0 0,0 0,50 4,0 0,0 0,50 4,0 0,0 0,0 0,0 0
0 0,0 0,0 0,0 0,4 0,4 0,4 0,4 0,4 0,4 0,0 0,0 0,0 0
0 0,0 0,0 0,4 0,0 0,0 0,0 0,0 0,0 0,0 0,4 0,0 0,0 0
0 0,0 0,50 2,4 0,0 0,0 0,0 0,0 0,0 0,0 0,4 0,50 1,0 0
0 0,0 0,0 0,4 0,0 0,0 0,0 0,0 0,4 0,4 0,4 0,0 0,0 0
0 0,0 0,0 0,4 0,0 0,0 0,0 0,0 0,67 3,67 3,4 0,0 0,0 0
0 0,0 0,50 2,4 0,0 0,0 0,0 0,0 0,0 0,0 0,4 0,50 1,0 0
0 0,0 0,0 0,4 0,0 0,0 0,0 0,0 0,0 0,0 0,4 0,0 0,0 0
0 0,0 0,0 0,0 0,4 0,4 0,4 0,4 0,4 0,4 0,0 0,0 0,0 0
0 0,0 0,0 0,0 0,0 0,50 3,0 0,0 0,50 3,0 0,0 0,0 0,0 0
0 0,0 0,0 0,0 0,0 0,0 0,0 0,0 0,0 0,0 0,0 0,0 0,0 0
0 0,0 0,0 0,0 0,0 0,0 0,0 0,0 0,0 0,0 0,0 0,0 0,0 0
0 0,0 0,0 0,0 0,0 0,0 0,0 0,0 0,0 0,0 0,0 0,0 0,0 0
0 0,0 0,0 0,0 0,0 0,0 0,0 0,0 0,0 0,0 0,0 0,0 0,0 0
0 0,0 0,0 0,0 0,4 0,4 0,4 0,4 0,4 0,4 0,0 0,0 0,0 0
0 0,0 0,0 0,4 0,0 0,0 0,0 0,4 0,4 0,4 0,4 0,0 0,0 0
0 0,0 0,0 0,4 0,0 0,0 0,0 0,4 0,4 0,4 0,4 0,0 0,0 0
0 0,0 0,0 0,4 0,0 0,0 0,0 0,0 0,67 3,67 3,4 0,0 0,0 0
0 0,0 0,0 0,4 0,0 0,0 0,0 0,0 0,0 0,0 0,4 0,0 0,0 0
0 0,0 0,0 0,4 0,0 0,0 0,0 0,0 0,0 0,50 2,4 0,0 0,0 0
0 0,0 0,0 0,4 0,0 0,0 0,0 0,0 0,0 0,0 0,4 0,0 0,0 0
0 0,0 0,0 0,0 0,4 0,4 0,4 0,4 0,4 0,4 0,0 0,0 0,0 0
0 0,0 0,0 0,0 0,0 0,0 0,0 0,0 0,0 0,0 0,0 0,0 0,0 0
0 0,0 0,0 0,0 0,0 0,0 0,0 0,0 0,0 0,0 0,0 0,0 0,0 0
0 0,0 0,0 0,0 0,0 0,0 0,0 0,0 0,0 0,0 0,0 0,0 0,0 0
0 0,0 0,0 0,0 0,0 0,0 0,0 0,0 0,0 0,0 0,0 0,0 0,0 0
0 0,0 0,0 0,0 0,0 0,0 0,0 0,0 0,0 0,0 0,0 0,0 0,0 0
0 0,0 0,0 0,0 0,4 0,4 0,4 0,4 0,4 0,4 0,0 0,0 0,0 0
0 0,0 0,0 0,4 0,0 0,0 0,4 0,67 1,0 0,0 0,4 0,0 0,0 0
0 0,0 0,0 0,4 0,0 0,0 0,4 0,67 1,0 0,0 0,4 0,0 0,0 0
0 0,0 0,0 0,4 0,0 0,0 0,0 0,0 0,0 0,0 0,4 0,0 0,0 0
0 0,0 0,0 0,4 0,0 0,0 0,0 0,0 0,0 0,0 0,4 0,0 0,0 0
0 0,0 0,0 0,4 0,0 0,0 0,0 0,0 0,0 0,0 0,4 0,0 0,0 0
0 0,0 0,0 0,4 0,0 0,0 0,0 0,0 0,0 0,0 0,4 0,0 0,0 0
0 0,0 0,0 0,0 0,4 0,4 0,4 0,4 0,4 0,4 0,0 0,0 0,0 0
0 0,0 0,0 0,0 0,0 0,0 0,0 0,0 0,0 0,0 0,0 0,0 0,0 0
0 0,0 0,0 0,0 0,0 0,0 0,0 0,0 0,0 0,0 0,0 0,0 0,0 0
0 0,0 0,0 0,0 0,0 0,0 0,0 0,0 0,0 0,0 0,0 0,0 0,0 0
0 0,0 0,0 0,0 0,0 0,0 0,0 0,0 0,0 0,0 0,0 0,0 0,0 0
0 0,0 0,0 0,0 0,0 0,0 0,0 0,0 0,0 0,0 0,0 0,0 0,0 0
0 0,0 0,0 0,0 0,4 0,4 0,4 0,4 0,4 0,4 0,0 0,0 0,0 0
0 0,0 0,0 0,4 0,4 0,4 0,67 1,0 0,50 3,0 0,4 0,0 0,0 0
0 0,0 0,0 0,4 0,4 0,4 0,67 1,0 0,0 0,0 0,4 0,0 0,0 0
0 0,0 0,0 0,4 0,4 0,4 0,0 0,0 0,0 0,0 0,4 0,0 0,0 0
0 0,0 0,0 0,4 0,0 0,0 0,0 0,0 0,0 0,0 0,4 0,0 0,0 0
0 0,0 0,0 0,4 0,0 0,0 0,0 0,0 0,0 0,0 0,4 0,0 0,0 0
0 0,0 0,0 0,4 0,0 0,0 0,0 0,0 0,0 0,0 0,4 0,0 0,0 0
0 0,0 0,0 0,0 0,4 0,4 0,4 0,4 0,4 0,4 0,0 0,0 0,0 0
0 0,0 0,0 0,0 0,0 0,0 0,0 0,0 0,0 0,0 0,0 0,0 0,0 0
0 0,0 0,0 0,0 0,0 0,0 0,0 0,0 0,0 0,0 0,0 0,0 0,0 0
0 0,0 0,0 0,0 0,0 0,0 0,0 0,0 0,0 0,0 0,0 0,0 0,0 0
0 0,0 0,0 0,0 0,0 0,0 0,0 0,0 0,0 0,0 0,0 0,0 0,0 0
0 0,0 0,0 0,0 0,0 0,0 0,0 0,0 0,0 0,0 0,0 0,0 0,0 0
0 0,0 0,0 0,0 0,4 0,4 0,4 0,4 0,4 0,4 0,0 0,0 0,0 0
0 0,0 0,0 0,4 0,0 0,0 0,0 0,0 0,0 0,0 0,4 0,0 0,0 0
0 0,0 0,0 0,4 0,0 0,0 0,0 0,0 0,0 0,0 0,4 0,0 0,0 0
0 0,0 0,0 0,4 0,67 2,67 2,0 0,0 0,0 0,0 0,4 0,0 0,0 0
0 0,0 0,0 0,4 0,4 0,4 0,0 0,0 0,0 0,0 0,4 0,0 0,0 0
0 0,0 0,0 0,4 0,0 0,0 0,0 0,0 0,0 0,0 0,4 0,0 0,0 0
0 0,0 0,0 0,4 0,0 0,0 0,0 0,0 0,0 0,0 0,4 0,0 0,0 0
0 0,0 0,0 0,0 0,4 0,4 0,4 0,4 0,4 0,4 0,0 0,0 0,0 0
0 0,0 0,0 0,0 0,0 0,0 0,0 0,0 0,0 0,0 0,0 0,0 0,0 0
0 0,0 0,0 0,0 0,0 0,0 0,0 0,0 0,0 0,0 0,0 0,0 0,0 0
0 0,0 0,0 0,0 0,0 0,0 0,0 0,0 0,0 0,0 0,0 0,0 0,0 0
0 0,0 0,0 0,0 0,0 0,0 0,0 0,0 0,0 0,0 0,0 0,0 0,0 0
0 0,0 0,0 0,0 0,0 0,0 0,0 0,0 0,0 0,0 0,0 0,0 0,0 0
0 0,0 0,0 0,0 0,4 0,4 0,4 0,4 0,4 0,4 0,0 0,0 0,0 0
0 0,0 0,0 0,4 0,0 0,0 0,0 0,0 0,0 0,0 0,4 0,0 0,0 0
0 0,0 0,0 0,4 0,50 1,0 0,0 0,0 0,0 0,0 0,4 0,0 0,0 0
0 0,0 0,0 0,4 0,0 0,0 0,0 0,0 0,0 0,0 0,4 0,0 0,0 0
0 0,0 0,0 0,4 0,67 2,67 2,0 0,0 0,0 0,0 0,4 0,0 0,0 0
0 0,0 0,0 0,4 0,4 0,4 0,4 0,0 0,0 0,0 0,4 0,0 0,0 0
0 0,0 0,0 0,4 0,4 0,4 0,4 0,0 0,0 0,0 0,4 0,0 0,0 0
0 0,0 0,0 0,0 0,4 0,4 0,4 0,4 0,4 0,4 0,0 0,0 0,0 0
0 0,0 0,0 0,0 0,0 0,0 0,0 0,0 0,0 0,0 0,0 0,0 0,0 0
0 0,0 0,0 0,0 0,0 0,0 0,0 0,0 0,0 0,0 0,0 0,0 0,0 0
0 0,0 0,0 0,0 0,0 0,0 0,0 0,0 0,0 0,0 0,0 0,0 0,0 0
0 0,0 0,0 0,0 0,0 0,0 0,0 0,0 0,0 0,0 0,0 0,0 0,0 0
0 0,0 0,0 0,0 0,0 0,50 4,0 0,0 0,50 4,0 0,0 0,0 0,0 0
0 0,0 0,0 0,0 0,4 0,4 0,4 0,4 0,4 0,4 0,0 0,0 0,0 0
0 0,0 0,0 0,4 0,0 0,0 0,0 0,0 0,0 0,0 0,4 0,0 0,0 0
0 0,0 0,50 2,4 0,0 0,0 0,0 0,0 0,0 0,0 0,4 0,50 1,0 0
0 0,0 0,0 0,4 0,0 0,0 0,0 0,0 0,0 0,0 0,4 0,0 0,0 0
0 0,0 0,0 0,4 0,0 0,0 0,0 0,0 0,0 0,0 0,4 0,0 0,0 0
0 0,0 0,50 2,4 0,0 0,0 0,67 0,4 0,0 0,0 0,4 0,50 1,0 0
0 0,0 0,0 0,4 0,0 0,0 0,67 0,4 0,0 0,0 0,4 0,0 0,0 0
0 0,0 0,0 0,0 0,4 0,4 0,4 0,4 0,4 0,4 0,0 0,0 0,0 0
0 0,0 0,0 0,0 0,0 0,50 3,0 0,0 0,50 3,0 0,0 0,0 0,0 0
0 0,0 0,0 0,0 0,0 0,0 0,0 0,0 0,0 0,0 0,0 0,0 0,0 0
0 0,0 0,0 0,0 0,0 0,0 0,0 0,0 0,0 0,0 0,0 0,0 0,0 0
0 0,0 0,0 0,0 0,0 0,0 0,0 0,0 0,0 0,0 0,0 0,0 0,0 0
0 0,0 0,0 0,0 0,0 0,0 0,0 0,0 0,0 0,0 0,0 0,0 0,0 0
0 0,0 0,0 0,0 0,4 0,4 0,4 0,4 0,4 0,4 0,0 0,0 0,0 0
0 0,0 0,0 0,4 0,0 0,0 0,0 0,0 0,0 0,0 0,4 0,0 0,0 0
0 0,0 0,0 0,4 0,0 0,0 0,0 0,0 0,0 0,0 0,4 0,0 0,0 0
0 0,0 0,0 0,4 0,0 0,0 0,0 0,0 0,0 0,0 0,4 0,0 0,0 0
0 0,0 0,0 0,4 0,0 0,0 0,0 0,0 0,4 0,4 0,4 0,0 0,0 0
0 0,0 0,0 0,4 0,0 0,0 0,0 0,67 0,4 0,4 0,4 0,0 0,0 0
0 0,0 0,0 0,4 0,0 0,50 4,0 0,67 0,4 0,4 0,4 0,0 0,0 0
0 0,0 0,0 0,0 0,4 0,4 0,4 0,4 0,4 0,4 0,0 0,0 0,0 0
0 0,0 0,0 0,0 0,0 0,0 0,0 0,0 0,0 0,0 0,0 0,0 0,0 0
0 0,0 0,0 0,0 0,0 0,0 0,0 0,0 0,0 0,0 0,0 0,0 0,0 0
0 0,0 0,0 0,0 0,0 0,0 0,0 0,0 0,0 0,0 0,0 0,0 0,0 0
0 0,0 0,0 0,0 0,0 0,0 0,0 0,0 0,0 0,0 0,0 0,0 0,0 0
0 0,0 0,0 0,0 0,0 0,0 0,0 0,0 0,0 0,0 0,0 0,0 0,0 0
0 0,0 0,0 0,0 0,4 0,4 0,4 0,4 0,4 0,4 0,0 0,0 0,0 0
0 0,0 0,0 0,4 0,0 0,0 0,0 0,0 0,0 0,0 0,4 0,0 0,0 0
0 0,0 0,0 0,4 0,0 0,0 0,0 0,0 0,0 0,0 0,4 0,0 0,0 0
0 0,0 0,0 0,4 0,0 0,0 0,0 0,0 0,4 0,4 0,4 0,0 0,0 0
0 0,0 0,0 0,4 0,0 0,0 0,0 0,0 0,67 3,67 3,4 0,0 0,0 0
0 0,0 0,0 0,4 0,0 0,0 0,0 0,0 0,0 0,0 0,4 0,0 0,0 0
0 0,0 0,0 0,4 0,0 0,0 0,0 0,0 0,0 0,0 0,4 0,0 0,0 0
0 0,0 0,0 0,0 0,4 0,4 0,4 0,4 0,4 0,4 0,0 0,0 0,0 0
0 0,0 0,0 0,0 0,0 0,0 0,0 0,0 0,0 0,0 0,0 0,0 0,0 0
0 0,0 0,0 0,0 0,0 0,0 0,0 0,0 0,0 0,0 0,0 0,0 0,0 0
0 0,0 0,0 0,0 0,0 0,0 0,0 0,0 0,0 0,0 0,0 0,0 0,0 0
0 0,0 0,0 0,0 0,0 0,0 0,0 0,0 0,0 0,0 0,0 0,0 0,0 0
0 0,0 0,0 0,0 0,0 0,0 0,0 0,0 0,0 0,0 0,0 0,0 0,0 0
0 0,0 0,0 0,0 0,4 0,4 0,4 0,4 0,4 0,4 0,0 0,0 0,0 0
0 0,0 0,0 0,4 0,0 0,0 0,0 0,4 0,4 0,4 0,4 0,0 0,0 0
0 0,0 0,0 0,4 0,0 0,0 0,0 0,4 0,4 0,4 0,4 0,0 0,0 0
0 0,0 0,0 0,4 0,0 0,0 0,0 0,0 0,67 3,67 3,4 0,0 0,0 0
0 0,0 0,0 0,4 0,0 0,0 0,0 0,0 0,0 0,0 0,4 0,0 0,0 0
0 0,0 0,0 0,4 0,0 0,0 0,0 0,0 0,0 0,50 2,4 0,0 0,0 0
0 0,0 0,0 0,4 0,0 0,0 0,0 0,0 0,0 0,0 0,4 0,0 0,0 0
0 0,0 0,0 0,0 0,4 0,4 0,4 0,4 0,4 0,4 0,0 0,0 0,0 0
0 0,0 0,0 0,0 0,0 0,0 0,0 0,0 0,0 0,0 0,0 0,0 0,0 0
0 0,0 0,0 0,0 0,0 0,0 0,0 0,0 0,0 0,0 0,0 0,0 0,0 0
0 0,0 0,0 0,0 0,0 0,0 0,0 0,0 0,0 0,0 0,0 0,0 0,0 0
0 0,0 0,0 0,0 0,0 0,0 0,0 0,0 0,0 0,0 0,0 0,0 0,0 0
0 0,0 0,0 0,0 0,0 0,0 0,0 0,0 0,0 0,0 0,0 0,0 0,0 0
0 0,0 0,0 0,0 0,4 0,4 0,4 0,4 0,4 0,4 0,0 0,0 0,0 0
0 0,0 0,0 0,4 0,0 0,0 0,4 0,67 1,0 0,0 0,4 0,0 0,0 0
0 0,0 0,0 0,4 0,0 0,0 0,4 0,67 1,0 0,0 0,4 0,0 0,0 0
0 0,0 0,0 0,4 0,0 0,0 0,0 0,0 0,0 0,0 0,4 0,0 0,0 0
0 0,0 0,0 0,4 0,0 0,0 0,0 0,0 0,0 0,0 0,4 0,0 0,0 0
0 0,0 0,0 0,4 0,0 0,0 0,0 0,0 0,0 0,0 0,4 0,0 0,0 0
0 0,0 0,0 0,4 0,0 0,0 0,0 0,0 0,0 0,0 0,4 0,0 0,0 0
0 0,0 0,0 0,0 0,4 0,4 0,4 0,4 0,4 0,4 0,0 0,0 0,0 0
0 0,0 0,0 0,0 0,0 0,0 0,0 0,0 0,0 0,0 0,0 0,0 0,0 0
0 0,0 0,0 0,0 0,0 0,0 0,0 0,0 0,0 0,0 0,0 0,0 0,0 0
0 0,0 0,0 0,0 0,0 0,0 0,0 0,0 0,0 0,0 0,0 0,0 0,0 0
0 0,0 0,0 0,0 0,0 0,0 0,0 0,0 0,0 0,0 0,0 0,0 0,0 0
0 0,0 0,0 0,0 0,0 0,50 4,0 0,0 0,50 4,0 0,0 0,0 0,0 0
0 0,0 0,0 0,0 0,4 0,4 0,4 0,4 0,4 0,4 0,0 0,0 0,0 0
0 0,0 0,0 0,4 0,4 0,4 0,67 1,0 0,50 3,0 0,4 0,0 0,0 0
0 0,0 0,50 2,4 0,4 0,4 0,67 1,0 0,0 0,0 0,4 0,50 1,0 0
0 0,0 0,0 0,4 0,4 0,4 0,0 0,0 0,0 0,0 0,4 0,0 0,0 0
0 0,0 0,0 0,4 0,0 0,0 0,0 0,0 0,0 0,0 0,4 0,0 0,0 0
0 0,0 0,50 2,4 0,0 0,0 0,0 0,0 0,0 0,0 0,4 0,50 1,0 0
0 0,0 0,0 0,4 0,0 0,0 0,0 0,0 0,0 0,0 0,4 0,0 0,0 0
0 0,0 0,0 0,0 0,4 0,4 0,4 0,4 0,4 0,4 0,0 0,0 0,0 0
0 0,0 0,0 0,0 0,0 0,50 3,0 0,0 0,50 3,0 0,0 0,0 0,0 0
0 0,0 0,0 0,0 0,0 0,0 0,0 0,0 0,0 0,0 0,0 0,0 0,0 0
0 0,0 0,0 0,0 0,0 0,0 0,0 0,0 0,0 0,0 0,0 0,0 0,0 0
0 0,0 0,0 0,0 0,0 0,0 0,0 0,0 0,0 0,0 0,0 0,0 0,0 0
0 0,0 0,0 0,0 0,0 0,0 0,0 0,0 0,0 0,0 0,0 0,0 0,0 0
0 0,0 0,0 0,0 0,4 0,4 0,4 0,4 0,4 0,4 0,0 0,0 0,0 0
0 0,0 0,0 0,4 0,0 0,0 0,0 0,0 0,0 0,0 0,4 0,0 0,0 0
0 0,0 0,0 0,4 0,0 0,0 0,0 0,0 0,0 0,0 0,4 0,0 0,0 0
0 0,0 0,0 0,4 0,67 2,67 2,0 0,0 0,0 0,0 0,4 0,0 0,0 0
0 0,0 0,0 0,4 0,4 0,4 0,0 0,0 0,0 0,0 0,4 0,0 0,0 0
0 0,0 0,0 0,4 0,0 0,0 0,0 0,0 0,0 0,0 0,4 0,0 0,0 0
0 0,0 0,0 0,4 0,0 0,0 0,0 0,0 0,0 0,0 0,4 0,0 0,0 0
0 0,0 0,0 0,0 0,4 0,4 0,4 0,4 0,4 0,4 0,0 0,0 0,0 0
0 0,0 0,0 0,0 0,0 0,0 0,0 0,0 0,0 0,0 0,0 0,0 0,0 0
0 0,0 0,0 0,0 0,0 0,0 0,0 0,0 0,0 0,0 0,0 0,0 0,0 0
0 0,0 0,0 0,0 0,0 0,0 0,0 0,0 0,0 0,0 0,0 0,0 0,0 0
0 0,0 0,0 0,0 0,0 0,0 0,0 0,0 0,0 0,0 0,0 0,0 0,0 0
0 0,0 0,0 0,0 0,0 0,0 0,0 0,0 0,0 0,0 0,0 0,0 0,0 0
0 0,0 0,0 0,0 0,4 0,4 0,4 0,4 0,4 0,4 0,0 0,0 0,0 0
0 0,0 0,0 0,4 0,0 0,0 0,0 0,0 0,0 0,0 0,4 0,0 0,0 0
0 0,0 0,0 0,4 0,50 1,0 0,0 0,0 0,0 0,0 0,4 0,0 0,0 0
0 0,0 0,0 0,4 0,0 0,0 0,0 0,0 0,0 0,0 0,4 0,0 0,0 0
0 0,0 0,0 0,4 0,67 2,67 2,0 0,0 0,0 0,0 0,4 0,0 0,0 0
0 0,0 0,0 0,4 0,4 0,4 0,4 0,0 0,0 0,0 0,4 0,0 0,0 0
0 0,0 0,0 0,4 0,4 0,4 0,4 0,0 0,0 0,0 0,4 0,0 0,0 0
0 0,0 0,0 0,0 0,4 0,4 0,4 0,4 0,4 0,4 0,0 0,0 0,0 0
0 0,0 0,0 0,0 0,0 0,0 0,0 0,0 0,0 0,0 0,0 0,0 0,0 0
0 0,0 0,0 0,0 0,0 0,0 0,0 0,0 0,0 0,0 0,0 0,0 0,0 0
0 0,0 0,0 0,0 0,0 0,0 0,0 0,0 0,0 0,0 0,0 0,0 0,0 0
0 0,0 0,0 0,0 0,0 0,0 0,0 0,0 0,0 0,0 0,0 0,0 0,0 0
0 0,0 0,0 0,0 0,0 0,0 0,0 0,0 0,0 0,0 0,0 0,0 0,0 0
0 0,0 0,0 0,0 0,4 0,4 0,4 0,4 0,4 0,4 0,0 0,0 0,0 0
0 0,0 0,0 0,4 0,0 0,0 0,0 0,0 0,0 0,0 0,4 0,0 0,0 0
0 0,0 0,0 0,4 0,0 0,0 0,0 0,0 0,0 0,0 0,4 0,0 0,0 0
0 0,0 0,0 0,4 0,0 0,0 0,0 0,0 0,0 0,0 0,4 0,0 0,0 0
0 0,0 0,0 0,4 0,0 0,0 0,0 0,0 0,0 0,0 0,4 0,0 0,0 0
0 0,0 0,0 0,4 0,0 0,0 0,67 0,4 0,0 0,0 0,4 0,0 0,0 0
0 0,0 0,0 0,4 0,0 0,0 0,67 0,4 0,0 0,0 0,4 0,0 0,0 0
0 0,0 0,0 0,0 0,4 0,4 0,4 0,4 0,4 0,4 0,0 0,0 0,0 0
0 0,0 0,0 0,0 0,0 0,0 0,0 0,0 0,0 0,0 0,0 0,0 0,0 0
0 0,0 0,0 0,0 0,0 0,0 0,0 0,0 0,0 0,0 0,0 0,0 0,0 0
0 0,0 0,0 0,0 0,0 0,0 0,0 0,0 0,0 0,0 0,0 0,0 0,0 0
0 0,0 0,0 0,0 0,0 0,0 0,0 0,0 0,0 0,0 0,0 0,0 0,0 0
0 0,0 0,0 0,0 0,0 0,0 0,0 0,0 0,0 0,0 0,0 0,0 0,0 0
0 0,0 0,0 0,0 0,4 0,4 0,4 0,4 0,4 0,4 0,0 0,0 0,0 0
0 0,0 0,0 0,4 0,0 0,0 0,0 0,0 0,0 0,0 0,4 0,0 0,0 0
0 0,0 0,0 0,4 0,0 0,0 0,0 0,0 0,0 0,0 0,4 0,0 0,0 0
0 0,0 0,0 0,4 0,0 0,0 0,0 0,0 0,0 0,0 0,4 0,0 0,0 0
0 0,0 0,0 0,4 0,0 0,0 0,0 0,0 0,4 0,4 0,4 0,0 0,0 0
0 0,0 0,0 0,4 0,0 0,0 0,0 0,67 0,4 0,4 0,4 0,0 0,0 0
0 0,0 0,0 0,4 0,0 0,50 4,0 0,67 0,4 0,4 0,4 0,0 0,0 0
0 0,0 0,0 0,0 0,4 0,4 0,4 0,4 0,4 0,4 0,0 0,0 0,0 0
0 0,0 0,0 0,0 0,0 0,0 0,0 0,0 0,0 0,0 0,0 0,0 0,0 0
0 0,0 0,0 0,0 0,0 0,0 0,0 0,0 0,0 0,0 0,0 0,0 0,0 0
0 0,0 0,0 0,0 0,0 0,0 0,0 0,0 0,0 0,0 0,0 0,0 0,0 0
0 0,0 0,0 0,0 0,0 0,0 0,0 0,0 0,0 0,0 0,0 0,0 0,0 0
0 0,0 0,0 0,0 0,0 0,0 0,0 0,0 0,0 0,0 0,0 0,0 0,0 0
0 0,0 0,0 0,0 0,4 0,4 0,4 0,4 0,4 0,4 0,0 0,0 0,0 0
0 0,0 0,0 0,4 0,0 0,0 0,0 0,0 0,0 0,0 0,4 0,0 0,0 0
0 0,0 0,0 0,4 0,0 0,0 0,0 0,0 0,0 0,0 0,4 0,0 0,0 0
0 0,0 0,0 0,4 0,0 0,0 0,0 0,0 0,4 0,4 0,4 0,0 0,0 0
0 0,0 0,0 0,4 0,0 0,0 0,0 0,0 0,67 3,67 3,4 0,0 0,0 0
0 0,0 0,0 0,4 0,0 0,0 0,0 0,0 0,0 0,0 0,4 0,0 0,0 0
0 0,0 0,0 0,4 0,0 0,0 0,0 0,0 0,0 0,0 0,4 0,0 0,0 0
0 0,0 0,0 0,0 0,4 0,4 0,4 0,4 0,4 0,4 0,0 0,0 0,0 0
0 0,0 0,0 0,0 0,0 0,0 0,0 0,0 0,0 0,0 0,0 0,0 0,0 0
0 0,0 0,0 0,0 0,0 0,0 0,0 0,0 0,0 0,0 0,0 0,0 0,0 0
0 0,0 0,0 0,0 0,0 0,0 0,0 0,0 0,0 0,0 0,0 0,0 0,0 0
0 0,0 0,0 0,0 0,0 0,0 0,0 0,0 0,0 0,0 0,0 0,0 0,0 0
0 0,0 0,0 0,0 0,0 0,0 0,0 0,0 0,0 0,0 0,0 0,0 0,0 0
0 0,0 0,0 0,0 0,4 0,4 0,4 0,4 0,4 0,4 0,0 0,0 0,0 0
0 0,0 0,0 0,4 0,0 0,0 0,0 0,4 0,4 0,4 0,4 0,0 0,0 0
0 0,0 0,0 0,4 0,0 0,0 0,0 0,4 0,4 0,4 0,4 0,0 0,0 0
0 0,0 0,0 0,4 0,0 0,0 0,0 0,0 0,67 3,67 3,4 0,0 0,0 0
0 0,0 0,0 0,4 0,0 0,0 0,0 0,0 0,0 0,0 0,4 0,0 0,0 0
0 0,0 0,0 0,4 0,0 0,0 0,0 0,0 0,0 0,50 2,4 0,0 0,0 0
0 0,0 0,0 0,4 0,0 0,0 0,0 0,0 0,0 0,0 0,4 0,0 0,0 0
0 0,0 0,0 0,0 0,4 0,4 0,4 0,4 0,4 0,4 0,0 0,0 0,0 0
0 0,0 0,0 0,0 0,0 0,0 0,0 0,0 0,0 0,0 0,0 0,0 0,0 0
0 0,0 0,0 0,0 0,0 0,0 0,0 0,0 0,0 0,0 0,0 0,0 0,0 0
0 0,0 0,0 0,0 0,0 0,0 0,0 0,0 0,0 0,0 0,0 0,0 0,0 0
0 0,0 0,0 0,0 0,0 0,0 0,0 0,0 0,0 0,0 0,0 0,0 0,0 0
0 0,0 0,0 0,0 0,0 0,50 4,0 0,0 0,50 4,0 0,0 0,0 0,0 0
0 0,0 0,0 0,0 0,4 0,4 0,4 0,4 0,4 0,4 0,0 0,0 0,0 0
0 0,0 0,0 0,4 0,0 0,0 0,4 0,67 1,0 0,0 0,4 0,0 0,0 0
0 0,0 0,50 2,4 0,0 0,0 0,4 0,67 1,0 0,0 0,4 0,50 1,0 0
0 0,0 0,0 0,4 0,0 0,0 0,0 0,0 0,0 0,0 0,4 0,0 0,0 0
0 0,0 0,0 0,4 0,0 0,0 0,0 0,0 0,0 0,0 0,4 0,0 0,0 0
0 0,0 0,50 2,4 0,0 0,0 0,0 0,0 0,0 0,0 0,4 0,50 1,0 0
0 0,0 0,0 0,4 0,0 0,0 0,0 0,0 0,0 0,0 0,4 0,0 0,0 0
0 0,0 0,0 0,0 0,4 0,4 0,4 0,4 0,4 0,4 0,0 0,0 0,0 0
0 0,0 0,0 0,0 0,0 0,50 3,0 0,0 0,50 3,0 0,0 0,0 0,0 0
0 0,0 0,0 0,0 0,0 0,0 0,0 0,0 0,0 0,0 0,0 0,0 0,0 0
0 0,0 0,0 0,0 0,0 0,0 0,0 0,0 0,0 0,0 0,0 0,0 0,0 0
0 0,0 0,0 0,0 0,0 0,0 0,0 0,0 0,0 0,0 0,0 0,0 0,0 0
0 0,0 0,0 0,0 0,0 0,0 0,0 0,0 0,0 0,0 0,0 0,0 0,0 0
0 0,0 0,0 0,0 0,4 0,4 0,4 0,4 0,4 0,4 0,0 0,0 0,0 0
0 0,0 0,0 0,4 0,4 0,4 0,67 1,0 0,50 3,0 0,4 0,0 0,0 0
0 0,0 0,0 0,4 0,4 0,4 0,67 1,0 0,0 0,0 0,4 0,0 0,0 0
0 0,0 0,0 0,4 0,4 0,4 0,0 0,0 0,0 0,0 0,4 0,0 0,0 0
0 0,0 0,0 0,4 0,0 0,0 0,0 0,0 0,0 0,0 0,4 0,0 0,0 0
0 0,0 0,0 0,4 0,0 0,0 0,0 0,0 0,0 0,0 0,4 0,0 0,0 0
0 0,0 0,0 0,4 0,0 0,0 0,0 0,0 0,0 0,0 0,4 0,0 0,0 0
0 0,0 0,0 0,0 0,4 0,4 0,4 0,4 0,4 0,4 0,0 0,0 0,0 0
0 0,0 0,0 0,0 0,0 0,0 0,0 0,0 0,0 0,0 0,0 0,0 0,0 0
0 0,0 0,0 0,0 0,0 0,0 0,0 0,0 0,0 0,0 0,0 0,0 0,0 0
0 0,0 0,0 0,0 0,0 0,0 0,0 0,0 0,0 0,0 0,0 0,0 0,0 0
0 0,0 0,0 0,0 0,0 0,0 0,0 0,0 0,0 0,0 0,0 0,0 0,0 0
0 0,0 0,0 0,0 0,0 0,0 0,0 0,0 0,0 0,0 0,0 0,0 0,0 0
0 0,0 0,0 0,0 0,4 0,4 0,4 0,4 0,4 0,4 0,0 0,0 0,0 0
0 0,0 0,0 0,4 0,0 0,0 0,0 0,0 0,0 0,0 0,4 0,0 0,0 0
0 0,0 0,0 0,4 0,0 0,0 0,0 0,0 0,0 0,0 0,4 0,0 0,0 0
0 0,0 0,0 0,4 0,67 2,67 2,0 0,0 0,0 0,0 0,4 0,0 0,0 0
0 0,0 0,0 0,4 0,4 0,4 0,0 0,0 0,0 0,0 0,4 0,0 0,0 0
0 0,0 0,0 0,4 0,0 0,0 0,0 0,0 0,0 0,0 0,4 0,0 0,0 0
0 0,0 0,0 0,4 0,0 0,0 0,0 0,0 0,0 0,0 0,4 0,0 0,0 0
0 0,0 0,0 0,0 0,4 0,4 0,4 0,4 0,4 0,4 0,0 0,0 0,0 0
0 0,0 0,0 0,0 0,0 0,0 0,0 0,0 0,0 0,0 0,0 0,0 0,0 0
0 0,0 0,0 0,0 0,0 0,0 0,0 0,0 0,0 0,0 0,0 0,0 0,0 0
0 0,0 0,0 0,0 0,0 0,0 0,0 0,0 0,0 0,0 0,0 0,0 0,0 0
0 0,0 0,0 0,0 0,0 0,0 0,0 0,0 0,0 0,0 0,0 0,0 0,0 0
0 0,0 0,0 0,0 0,0 0,0 0,0 0,0 0,0 0,0 0,0 0,0 0,0 0
0 0,0 0,0 0,0 0,4 0,4 0,4 0,4 0,4 0,4 0,0 0,0 0,0 0
0 0,0 0,0 0,4 0,0 0,0 0,0 0,0 0,0 0,0 0,4 0,0 0,0 0
0 0,0 0,0 0,4 0,50 1,0 0,0 0,0 0,0 0,0 0,4 0,0 0,0 0
0 0,0 0,0 0,4 0,0 0,0 0,0 0,0 0,0 0,0 0,4 0,0 0,0 0
0 0,0 0,0 0,4 0,67 2,67 2,0 0,0 0,0 0,0 0,4 0,0 0,0 0
0 0,0 0,0 0,4 0,4 0,4 0,4 0,0 0,0 0,0 0,4 0,0 0,0 0
0 0,0 0,0 0,4 0,4 0,4 0,4 0,0 0,0 0,0 0,4 0,0 0,0 0
0 0,0 0,0 0,0 0,4 0,4 0,4 0,4 0,4 0,4 0,0 0,0 0,0 0
0 0,0 0,0 0,0 0,0 0,0 0,0 0,0 0,0 0,0 0,0 0,0 0,0 0
0 0,0 0,0 0,0 0,0 0,0 0,0 0,0 0,0 0,0 0,0 0,0 0,0 0
0 0,0 0,0 0,0 0,0 0,0 0,0 0,0 0,0 0,0 0,0 0,0 0,0 0
0 0,0 0,0 0,0 0,0 0,0 0,0 0,0 0,0 0,0 0,0 0,0 0,0 0
0 0,0 0,0 0,0 0,0 0,0 0,0 0,0 0,0 0,0 0,0 0,0 0,0 0
0 0,0 0,0 0,0 0,4 0,4 0,4 0,4 0,4 0,4 0,0 0,0 0,0 0
0 0,0 0,0 0,4 0,0 0,0 0,0 0,0 0,0 0,0 0,4 0,0 0,0 0
0 0,0 0,0 0,4 0,0 0,0 0,0 0,0 0,0 0,0 0,4 0,0 0,0 0
0 0,0 0,0 0,4 0,0 0,0 0,0 0,0 0,0 0,0 0,4 0,0 0,0 0
0 0,0 0,0 0,4 0,0 0,0 0,0 0,0 0,0 0,0 0,4 0,0 0,0 0
0 0,0 0,0 0,4 0,0 0,0 0,67 0,4 0,0 0,0 0,4 0,0 0,0 0
0 0,0 0,0 0,4 0,0 0,0 0,67 0,4 0,0 0,0 0,4 0,0 0,0 0
0 0,0 0,0 0,0 0,4 0,4 0,4 0,4 0,4 0,4 0,0 0,0 0,0 0
0 0,0 0,0 0,0 0,0 0,0 0,0 0,0 0,0 0,0 0,0 0,0 0,0 0
0 0,0 0,0 0,0 0,0 0,0 0,0 0,0 0,0 0,0 0,0 0,0 0,0 0
0 0,0 0,0 0,0 0,0 0,0 0,0 0,0 0,0 0,0 0,0 0,0 0,0 0
0 0,0 0,0 0,0 0,0 0,0 0,0 0,0 0,0 0,0 0,0 0,0 0,0 0
0 0,0 0,0 0,0 0,0 0,0 0,0 0,0 0,0 0,0 0,0 0,0 0,0 0
0 0,0 0,0 0,0 0,4 0,4 0,4 0,4 0,4 0,4 0,0 0,0 0,0 0
0 0,0 0,0 0,4 0,0 0,0 0,0 0,0 0,0 0,0 0,4 0,0 0,0 0
0 0,0 0,0 0,4 0,0 0,0 0,0 0,0 0,0 0,0 0,4 0,0 0,0 0
0 0,0 0,0 0,4 0,0 0,0 0,0 0,0 0,0 0,0 0,4 0,0 0,0 0
0 0,0 0,0 0,4 0,0 0,0 0,0 0,0 0,4 0,4 0,4 0,0 0,0 0
0 0,0 0,0 0,4 0,0 0,0 0,0 0,67 0,4 0,4 0,4 0,0 0,0 0
0 0,0 0,0 0,4 0,0 0,50 4,0 0,67 0,4 0,4 0,4 0,0 0,0 0
0 0,0 0,0 0,0 0,4 0,4 0,4 0,4 0,4 0,4 0,0 0,0 0,0 0
0 0,0 0,0 0,0 0,0 0,0 0,0 0,0 0,0 0,0 0,0 0,0 0,0 0
0 0,0 0,0 0,0 0,0 0,0 0,0 0,0 0,0 0,0 0,0 0,0 0,0 0
0 0,0 0,0 0,0 0,0 0,0 0,0 0,0 0,0 0,0 0,0 0,0 0,0 0
0 0,0 0,0 0,0 0,0 0,0 0,0 0,0 0,0 0,0 0,0 0,0 0,0 0
0 0,0 0,0 0,0 0,0 0,0 0,0 0,0 0,0 0,0 0,0 0,0 0,0 0
0 0,0 0,0 0,0 0,4 0,4 0,4 0,4 0,4 0,4 0,0 0,0 0,0 0
0 0,0 0,0 0,4 0,0 0,0 0,0 0,0 0,0 0,0 0,4 0,0 0,0 0
0 0,0 0,0 0,4 0,0 0,0 0,0 0,0 0,0 0,0 0,4 0,0 0,0 0
0 0,0 0,0 0,4 0,0 0,0 0,0 0,0 0,4 0,4 0,4 0,0 0,0 0
0 0,0 0,0 0,4 0,0 0,0 0,0 0,0 0,67 3,67 3,4 0,0 0,0 0
0 0,0 0,0 0,4 0,0 0,0 0,0 0,0 0,0 0,0 0,4 0,0 0,0 0
0 0,0 0,0 0,4 0,0 0,0 0,0 0,0 0,0 0,0 0,4 0,0 0,0 0
0 0,0 0,0 0,0 0,4 0,4 0,4 0,4 0,4 0,4 0,0 0,0 0,0 0
0 0,0 0,0 0,0 0,0 0,0 0,0 0,0 0,0 0,0 0,0 0,0 0,0 0
0 0,0 0,0 0,0 0,0 0,0 0,0 0,0 0,0 0,0 0,0 0,0 0,0 0
0 0,0 0,0 0,0 0,0 0,0 0,0 0,0 0,0 0,0 0,0 0,0 0,0 0
0 0,0 0,0 0,0 0,0 0,0 0,0 0,0 0,0 0,0 0,0 0,0 0,0 0
0 0,0 0,0 0,0 0,0 0,0 0,0 0,0 0,0 0,0 0,0 0,0 0,0 0
0 0,0 0,0 0,0 0,4 0,4 0,4 0,4 0,4 0,4 0,0 0,0 0,0 0
0 0,0 0,0 0,4 0,0 0,0 0,0 0,4 0,4 0,4 0,4 0,0 0,0 0
0 0,0 0,0 0,4 0,0 0,0 0,0 0,4 0,4 0,4 0,4 0,0 0,0 0
0 0,0 0,0 0,4 0,0 0,0 0,0 0,0 0,67 3,67 3,4 0,0 0,0 0
0 0,0 0,0 0,4 0,0 0,0 0,0 0,0 0,0 0,0 0,4 0,0 0,0 0
0 0,0 0,0 0,4 0,0 0,0 0,0 0,0 0,0 0,50 2,4 0,0 0,0 0
0 0,0 0,0 0,4 0,0 0,0 0,0 0,0 0,0 0,0 0,4 0,0 0,0 0
0 0,0 0,0 0,0 0,4 0,4 0,4 0,4 0,4 0,4 0,0 0,0 0,0 0
0 0,0 0,0 0,0 0,0 0,0 0,0 0,0 0,0 0,0 0,0 0,0 0,0 0
0 0,0 0,0 0,0 0,0 0,0 0,0 0,0 0,0 0,0 0,0 0,0 0,0 0
0 0,0 0,0 0,0 0,0 0,0 0,0 0,0 0,0 0,0 0,0 0,0 0,0 0
0 0,0 0,0 0,0 0,0 0,0 0,0 0,0 0,0 0,0 0,0 0,0 0,0 0
0 0,0 0,0 0,0 0,0 0,0 0,0 0,0 0,0 0,0 0,0 0,0 0,0 0
0 0,0 0,0 0,0 0,4 0,4 0,4 0,4 0,4 0,4 0,0 0,0 0,0 0
0 0,0 0,0 0,4 0,0 0,0 0,4 0,67 1,0 0,0 0,4 0,0 0,0 0
0 0,0 0,0 0,4 0,0 0,0 0,4 0,67 1,0 0,0 0,4 0,0 0,0 0
0 0,0 0,0 0,4 0,0 0,0 0,0 0,0 0,0 0,0 0,4 0,0 0,0 0
0 0,0 0,0 0,4 0,0 0,0 0,0 0,0 0,0 0,0 0,4 0,0 0,0 0
0 0,0 0,0 0,4 0,0 0,0 0,0 0,0 0,0 0,0 0,4 0,0 0,0 0
0 0,0 0,0 0,4 0,0 0,0 0,0 0,0 0,0 0,0 0,4 0,0 0,0 0
0 0,0 0,0 0,0 0,4 0,4 0,4 0,4 0,4 0,4 0,0 0,0 0,0 0
0 0,0 0,0 0,0 0,0 0,0 0,0 0,0 0,0 0,0 0,0 0,0 0,0 0
0 0,0 0,0 0,0 0,0 0,0 0,0 0,0 0,0 0,0 0,0 0,0 0,0 0
0 0,0 0,0 0,0 0,0 0,0 0,0 0,0 0,0 0,0 0,0 0,0 0,0 0
0 0,0 0,0 0,0 0,0 0,0 0,0 0,0 0,0 0,0 0,0 0,0 0,0 0
0 0,0 0,0 0,0 0,0 0,50 4,0 0,0 0,50 4,0 0,0 0,0 0,0 0
0 0,0 0,0 0,0 0,4 0,4 0,4 0,4 0,4 0,4 0,0 0,0 0,0 0
0 0,0 0,0 0,4 0,4 0,4 0,67 1,0 0,50 3,0 0,4 0,0 0,0 0
0 0,0 0,50 2,4 0,4 0,4 0,67 1,0 0,0 0,0 0,4 0,50 1,0 0
0 0,0 0,0 0,4 0,4 0,4 0,0 0,0 0,0 0,0 0,4 0,0 0,0 0
0 0,0 0,0 0,4 0,0 0,0 0,0 0,0 0,0 0,0 0,4 0,0 0,0 0
0 0,0 0,50 2,4 0,0 0,0 0,0 0,0 0,0 0,0 0,4 0,50 1,0 0
0 0,0 0,0 0,4 0,0 0,0 0,0 0,0 0,0 0,0 0,4 0,0 0,0 0
0 0,0 0,0 0,0 0,4 0,4 0,4 0,4 0,4 0,4 0,0 0,0 0,0 0
0 0,0 0,0 0,0 0,0 0,50 3,0 0,0 0,50 3,0 0,0 0,0 0,0 0
0 0,0 0,0 0,0 0,0 0,0 0,0 0,0 0,0 0,0 0,0 0,0 0,0 0
0 0,0 0,0 0,0 0,0 0,0 0,0 0,0 0,0 0,0 0,0 0,0 0,0 0
0 0,0 0,0 0,0 0,0 0,0 0,0 0,0 0,0 0,0 0,0 0,0 0,0 0
0 0,0 0,0 0,0 0,0 0,0 0,0 0,0 0,0 0,0 0,0 0,0 0,0 0
0 0,0 0,0 0,0 0,4 0,4 0,4 0,4 0,4 0,4 0,0 0,0 0,0 0
0 0,0 0,0 0,4 0,0 0,0 0,0 0,0 0,0 0,0 0,4 0,0 0,0 0
0 0,0 0,0 0,4 0,0 0,0 0,0 0,0 0,0 0,0 0,4 0,0 0,0 0
0 0,0 0,0 0,4 0,67 2,67 2,0 0,0 0,0 0,0 0,4 0,0 0,0 0
0 0,0 0,0 0,4 0,4 0,4 0,0 0,0 0,0 0,0 0,4 0,0 0,0 0
0 0,0 0,0 0,4 0,0 0,0 0,0 0,0 0,0 0,0 0,4 0,0 0,0 0
0 0,0 0,0 0,4 0,0 0,0 0,0 0,0 0,0 0,0 0,4 0,0 0,0 0
0 0,0 0,0 0,0 0,4 0,4 0,4 0,4 0,4 0,4 0,0 0,0 0,0 0
0 0,0 0,0 0,0 0,0 0,0 0,0 0,0 0,0 0,0 0,0 0,0 0,0 0
0 0,0 0,0 0,0 0,0 0,0 0,0 0,0 0,0 0,0 0,0 0,0 0,0 0
0 0,0 0,0 0,0 0,0 0,0 0,0 0,0 0,0 0,0 0,0 0,0 0,0 0
0 0,0 0,0 0,0 0,0 0,0 0,0 0,0 0,0 0,0 0,0 0,0 0,0 0
0 0,0 0,0 0,0 0,0 0,0 0,0 0,0 0,0 0,0 0,0 0,0 0,0 0
0 0,0 0,0 0,0 0,4 0,4 0,4 0,4 0,4 0,4 0,0 0,0 0,0 0
0 0,0 0,0 0,4 0,0 0,0 0,0 0,0 0,0 0,0 0,4 0,0 0,0 0
0 0,0 0,0 0,4 0,50 1,0 0,0 0,0 0,0 0,0 0,4 0,0 0,0 0
0 0,0 0,0 0,4 0,0 0,0 0,0 0,0 0,0 0,0 0,4 0,0 0,0 0
0 0,0 0,0 0,4 0,67 2,67 2,0 0,0 0,0 0,0 0,4 0,0 0,0 0
0 0,0 0,0 0,4 0,4 0,4 0,4 0,0 0,0 0,0 0,4 0,0 0,0 0
0 0,0 0,0 0,4 0,4 0,4 0,4 0,0 0,0 0,0 0,4 0,0 0,0 0
0 0,0 0,0 0,0 0,4 0,4 0,4 0,4 0,4 0,4 0,0 0,0 0,0 0
0 0,0 0,0 0,0 0,0 0,0 0,0 0,0 0,0 0,0 0,0 0,0 0,0 0
0 0,0 0,0 0,0 0,0 0,0 0,0 0,0 0,0 0,0 0,0 0,0 0,0 0
0 0,0 0,0 0,0 0,0 0,0 0,0 0,0 0,0 0,0 0,0 0,0 0,0 0
0 0,0 0,0 0,0 0,0 0,0 0,0 0,0 0,0 0,0 0,0 0,0 0,0 0
0 0,0 0,0 0,0 0,0 0,0 0,0 0,0 0,0 0,0 0,0 0,0 0,0 0
0 0,0 0,0 0,0 0,4 0,4 0,4 0,4 0,4 0,4 0,0 0,0 0,0 0
0 0,0 0,0 0,4 0,0 0,0 0,0 0,0 0,0 0,0 0,4 0,0 0,0 0
0 0,0 0,0 0,4 0,0 0,0 0,0 0,0 0,0 0,0 0,4 0,0 0,0 0
0 0,0 0,0 0,4 0,0 0,0 0,0 0,0 0,0 0,0 0,4 0,0 0,0 0
0 0,0 0,0 0,4 0,0 0,0 0,0 0,0 0,0 0,0 0,4 0,0 0,0 0
0 0,0 0,0 0,4 0,0 0,0 0,67 0,4 0,0 0,0 0,4 0,0 0,0 0
0 0,0 0,0 0,4 0,0 0,0 0,67 0,4 0,0 0,0 0,4 0,0 0,0 0
0 0,0 0,0 0,0 0,4 0,4 0,4 0,4 0,4 0,4 0,0 0,0 0,0 0
0 0,0 0,0 0,0 0,0 0,0 0,0 0,0 0,0 0,0 0,0 0,0 0,0 0
0 0,0 0,0 0,0 0,0 0,0 0,0 0,0 0,0 0,0 0,0 0,0 0,0 0
0 0,0 0,0 0,0 0,0 0,0 0,0 0,0 0,0 0,0 0,0 0,0 0,0 0
0 0,0 0,0 0,0 0,0 0,0 0,0 0,0 0,0 0,0 0,0 0,0 0,0 0
0 0,0 0,0 0,0 0,0 0,0 0,0 0,0 0,0 0,0 0,0 0,0 0,0 0
0 0,0 0,0 0,0 0,4 0,4 0,4 0,4 0,4 0,4 0,0 0,0 0,0 0
0 0,0 0,0 0,4 0,0 0,0 0,0 0,0 0,0 0,0 0,4 0,0 0,0 0
0 0,0 0,0 0,4 0,0 0,0 0,0 0,0 0,0 0,0 0,4 0,0 0,0 0
0 0,0 0,0 0,4 0,0 0,0 0,0 0,0 0,0 0,0 0,4 0,0 0,0 0
0 0,0 0,0 0,4 0,0 0,0 0,0 0,0 0,4 0,4 0,4 0,0 0,0 0
0 0,0 0,0 0,4 0,0 0,0 0,0 0,67 0,4 0,4 0,4 0,0 0,0 0
0 0,0 0,0 0,4 0,0 0,50 4,0 0,67 0,4 0,4 0,4 0,0 0,0 0
0 0,0 0,0 0,0 0,4 0,4 0,4 0,4 0,4 0,4 0,0 0,0 0,0 0
0 0,0 0,0 0,0 0,0 0,0 0,0 0,0 0,0 0,0 0,0 0,0 0,0 0
0 0,0 0,0 0,0 0,0 0,0 0,0 0,0 0,0 0,0 0,0 0,0 0,0 0
0 0,0 0,0 0,0 0,0 0,0 0,0 0,0 0,0 0,0 0,0 0,0 0,0 0
0 0,0 0,0 0,0 0,0 0,0 0,0 0,0 0,0 0,0 0,0 0,0 0,0 0
0 0,0 0,0 0,0 0,0 0,0 0,0 0,0 0,0 0,0 0,0 0,0 0,0 0
0 0,0 0,0 0,0 0,4 0,4 0,4 0,4 0,4 0,4 0,0 0,0 0,0 0
0 0,0 0,0 0,4 0,0 0,0 0,0 0,0 0,0 0,0 0,4 0,0 0,0 0
0 0,0 0,0 0,4 0,0 0,0 0,0 0,0 0,0 0,0 0,4 0,0 0,0 0
0 0,0 0,0 0,4 0,0 0,0 0,0 0,0 0,4 0,4 0,4 0,0 0,0 0
0 0,0 0,0 0,4 0,0 0,0 0,0 0,0 0,67 3,67 3,4 0,0 0,0 0
0 0,0 0,0 0,4 0,0 0,0 0,0 0,0 0,0 0,0 0,4 0,0 0,0 0
0 0,0 0,0 0,4 0,0 0,0 0,0 0,0 0,0 0,0 0,4 0,0 0,0 0
0 0,0 0,0 0,0 0,4 0,4 0,4 0,4 0,4 0,4 0,0 0,0 0,0 0
0 0,0 0,0 0,0 0,0 0,0 0,0 0,0 0,0 0,0 0,0 0,0 0,0 0
0 0,0 0,0 0,0 0,0 0,0 0,0 0,0 0,0 0,0 0,0 0,0 0,0 0
0 0,0 0,0 0,0 0,0 0,0 0,0 0,0 0,0 0,0 0,0 0,0 0,0 0
0 0,0 0,0 0,0 0,0 0,0 0,0 0,0 0,0 0,0 0,0 0,0 0,0 0
0 0,0 0,0 0,0 0,0 0,0 0,0 0,0 0,0 0,0 0,0 0,0 0,0 0
0 0,0 0,0 0,0 0,4 0,4 0,4 0,4 0,4 0,4 0,0 0,0 0,0 0
0 0,0 0,0 0,4 0,0 0,0 0,0 0,4 0,4 0,4 0,4 0,0 0,0 0
0 0,0 0,0 0,4 0,0 0,0 0,0 0,4 0,4 0,4 0,4 0,0 0,0 0
0 0,0 0,0 0,4 0,0 0,0 0,0 0,0 0,67 3,67 3,4 0,0 0,0 0
0 0,0 0,0 0,4 0,0 0,0 0,0 0,0 0,0 0,0 0,4 0,0 0,0 0
0 0,0 0,0 0,4 0,0 0,0 0,0 0,0 0,0 0,50 2,4 0,0 0,0 0
0 0,0 0,0 0,4 0,0 0,0 0,0 0,0 0,0 0,0 0,4 0,0 0,0 0
0 0,0 0,0 0,0 0,4 0,4 0,4 0,4 0,4 0,4 0,0 0,0 0,0 0
0 0,0 0,0 0,0 0,0 0,0 0,0 0,0 0,0 0,0 0,0 0,0 0,0 0
0 0,0 0,0 0,0 0,0 0,0 0,0 0,0 0,0 0,0 0,0 0,0 0,0 0
0 0,0 0,0 0,0 0,0 0,0 0,0 0,0 0,0 0,0 0,0 0,0 0,0 0
0 0,0 0,0 0,0 0,0 0,0 0,0 0,0 0,0 0,0 0,0 0,0 0,0 0
0 0,0 0,0 0,0 0,0 0,0 0,0 0,0 0,0 0,0 0,0 0,0 0,0 0
0 0,0 0,0 0,0 0,4 0,4 0,4 0,4 0,4 0,4 0,0 0,0 0,0 0
0 0,0 0,0 0,4 0,0 0,0 0,4 0,67 1,0 0,0 0,4 0,0 0,0 0
0 0,0 0,0 0,4 0,0 0,0 0,4 0,67 1,0 0,0 0,4 0,0 0,0 0
0 0,0 0,0 0,4 0,0 0,0 0,0 0,0 0,0 0,0 0,4 0,0 0,0 0
0 0,0 0,0 0,4 0,0 0,0 0,0 0,0 0,0 0,0 0,4 0,0 0,0 0
0 0,0 0,0 0,4 0,0 0,0 0,0 0,0 0,0 0,0 0,4 0,0 0,0 0
0 0,0 0,0 0,4 0,0 0,0 0,0 0,0 0,0 0,0 0,4 0,0 0,0 0
0 0,0 0,0 0,0 0,4 0,4 0,4 0,4 0,4 0,4 0,0 0,0 0,0 0
0 0,0 0,0 0,0 0,0 0,0 0,0 0,0 0,0 0,0 0,0 0,0 0,0 0
0 0,0 0,0 0,0 0,0 0,0 0,0 0,0 0,0 0,0 0,0 0,0 0,0 0
0 0,0 0,0 0,0 0,0 0,0 0,0 0,0 0,0 0,0 0,0 0,0 0,0 0
0 0,0 0,0 0,0 0,0 0,0 0,0 0,0 0,0 0,0 0,0 0,0 0,0 0
0 0,0 0,0 0,0 0,0 0,0 0,0 0,0 0,0 0,0 0,0 0,0 0,0 0
0 0,0 0,0 0,0 0,4 0,4 0,4 0,4 0,4 0,4 0,0 0,0 0,0 0
0 0,0 0,0 0,4 0,4 0,4 0,67 1,0 0,50 3,0 0,4 0,0 0,0 0
0 0,0 0,0 0,4 0,4 0,4 0,67 1,0 0,0 0,0 0,4 0,0 0,0 0
0 0,0 0,0 0,4 0,4 0,4 0,0 0,0 0,0 0,0 0,4 0,0 0,0 0
0 0,0 0,0 0,4 0,0 0,0 0,0 0,0 0,0 0,0 0,4 0,0 0,0 0
0 0,0 0,0 0,4 0,0 0,0 0,0 0,0 0,0 0,0 0,4 0,0 0,0 0
0 0,0 0,0 0,4 0,0 0,0 0,0 0,0 0,0 0,0 0,4 0,0 0,0 0
0 0,0 0,0 0,0 0,4 0,4 0,4 0,4 0,4 0,4 0,0 0,0 0,0 0
0 0,0 0,0 0,0 0,0 0,0 0,0 0,0 0,0 0,0 0,0 0,0 0,0 0
0 0,0 0,0 0,0 0,0 0,0 0,0 0,0 0,0 0,0 0,0 0,0 0,0 0
0 0,0 0,0 0,0 0,0 0,0 0,0 0,0 0,0 0,0 0,0 0,0 0,0 0
0 0,0 0,0 0,0 0,0 0,0 0,0 0,0 0,0 0,0 0,0 0,0 0,0 0
0 0,0 0,0 0,0 0,0 0,0 0,0 0,0 0,0 0,0 0,0 0,0 0,0 0
0 0,0 0,0 0,0 0,4 0,4 0,4 0,4 0,4 0,4 0,0 0,0 0,0 0
0 0,0 0,0 0,4 0,0 0,0 0,0 0,0 0,0 0,0 0,4 0,0 0,0 0
0 0,0 0,0 0,4 0,0 0,0 0,0 0,0 0,0 0,0 0,4 0,0 0,0 0
0 0,0 0,0 0,4 0,67 2,67 2,0 0,0 0,0 0,0 0,4 0,0 0,0 0
0 0,0 0,0 0,4 0,4 0,4 0,0 0,0 0,0 0,0 0,4 0,0 0,0 0
0 0,0 0,0 0,4 0,0 0,0 0,0 0,0 0,0 0,0 0,4 0,0 0,0 0
0 0,0 0,0 0,4 0,0 0,0 0,0 0,0 0,0 0,0 0,4 0,0 0,0 0
0 0,0 0,0 0,0 0,4 0,4 0,4 0,4 0,4 0,4 0,0 0,0 0,0 0
0 0,0 0,0 0,0 0,0 0,0 0,0 0,0 0,0 0,0 0,0 0,0 0,0 0
0 0,0 0,0 0,0 0,0 0,0 0,0 0,0 0,0 0,0 0,0 0,0 0,0 0
0 0,0 0,0 0,0 0,0 0,0 0,0 0,0 0,0 0,0 0,0 0,0 0,0 0
0 0,0 0,0 0,0 0,0 0,0 0,0 0,0 0,0 0,0 0,0 0,0 0,0 0
0 0,0 0,0 0,0 0,0 0,50 4,0 0,0 0,50 4,0 0,0 0,0 0,0 0
0 0,0 0,0 0,0 0,4 0,4 0,4 0,4 0,4 0,4 0,0 0,0 0,0 0
0 0,0 0,0 0,4 0,0 0,0 0,0 0,0 0,0 0,0 0,4 0,0 0,0 0
0 0,0 0,50 2,4 0,50 1,0 0,0 0,0 0,0 0,0 0,4 0,50 1,0 0
0 0,0 0,0 0,4 0,0 0,0 0,0 0,0 0,0 0,0 0,4 0,0 0,0 0
0 0,0 0,0 0,4 0,67 2,67 2,0 0,0 0,0 0,0 0,4 0,0 0,0 0
0 0,0 0,0 0,4 0,4 0,4 0,4 0,0 0,0 0,0 0,4 0,50 1,0 0
0 0,0 0,0 0,4 0,4 0,4 0,4 0,0 0,0 0,0 0,4 0,0 0,0 0
0 0,0 0,0 0,0 0,4 0,4 0,4 0,4 0,4 0,4 0,0 0,0 0,0 0
0 0,0 0,0 0,0 0,0 0,50 3,0 0,0 0,50 3,0 0,0 0,0 0,0 0
0 0,0 0,0 0,0 0,0 0,0 0,0 0,0 0,0 0,0 0,0 0,0 0,0 0
0 0,0 0,0 0,0 0,0 0,0 0,0 0,0 0,0 0,0 0,0 0,0 0,0 0
0 0,0 0,0 0,0 0,0 0,0 0,0 0,0 0,0 0,0 0,0 0,0 0,0 0
0 0,0 0,0 0,0 0,0 0,0 0,0 0,0 0,0 0,0 0,0 0,0 0,0 0
0 0,0 0,0 0,0 0,4 0,4 0,4 0,4 0,4 0,4 0,0 0,0 0,0 0
0 0,0 0,0 0,4 0,0 0,0 0,0 0,0 0,0 0,0 0,4 0,0 0,0 0
0 0,0 0,0 0,4 0,0 0,0 0,0 0,0 0,0 0,0 0,4 0,0 0,0 0
0 0,0 0,0 0,4 0,0 0,0 0,0 0,0 0,0 0,0 0,4 0,0 0,0 0
0 0,0 0,0 0,4 0,0 0,0 0,0 0,0 0,0 0,0 0,4 0,0 0,0 0
0 0,0 0,50 2,4 0,0 0,0 0,67 0,4 0,0 0,0 0,4 0,0 0,0 0
0 0,0 0,0 0,4 0,0 0,0 0,67 0,4 0,0 0,0 0,4 0,0 0,0 0
0 0,0 0,0 0,0 0,4 0,4 0,4 0,4 0,4 0,4 0,0 0,0 0,0 0
0 0,0 0,0 0,0 0,0 0,0 0,0 0,0 0,0 0,0 0,0 0,0 0,0 0
0 0,0 0,0 0,0 0,0 0,0 0,0 0,0 0,0 0,0 0,0 0,0 0,0 0
0 0,0 0,0 0,0 0,0 0,0 0,0 0,0 0,0 0,0 0,0 0,0 0,0 0
0 0,0 0,0 0,0 0,0 0,0 0,0 0,0 0,0 0,0 0,0 0,0 0,0 0
0 0,0 0,0 0,0 0,0 0,0 0,0 0,0 0,0 0,0 0,0 0,0 0,0 0
0 0,0 0,0 0,0 0,4 0,4 0,4 0,4 0,4 0,4 0,0 0,0 0,0 0
0 0,0 0,0 0,4 0,0 0,0 0,0 0,0 0,0 0,0 0,4 0,0 0,0 0
0 0,0 0,0 0,4 0,0 0,0 0,0 0,0 0,0 0,0 0,4 0,0 0,0 0
0 0,0 0,0 0,4 0,0 0,0 0,0 0,0 0,0 0,0 0,4 0,0 0,0 0
0 0,0 0,0 0,4 0,0 0,0 0,0 0,0 0,4 0,4 0,4 0,0 0,0 0
0 0,0 0,0 0,4 0,0 0,0 0,0 0,67 0,4 0,4 0,4 0,0 0,0 0
0 0,0 0,0 0,4 0,0 0,50 4,0 0,67 0,4 0,4 0,4 0,0 0,0 0
0 0,0 0,0 0,0 0,4 0,4 0,4 0,4 0,4 0,4 0,0 0,0 0,0 0
0 0,0 0,0 0,0 0,0 0,0 0,0 0,0 0,0 0,0 0,0 0,0 0,0 0
0 0,0 0,0 0,0 0,0 0,0 0,0 0,0 0,0 0,0 0,0 0,0 0,0 0
0 0,0 0,0 0,0 0,0 0,0 0,0 0,0 0,0 0,0 0,0 0,0 0,0 0
0 0,0 0,0 0,0 0,0 0,0 0,0 0,0 0,0 0,0 0,0 0,0 0,0 0
0 0,0 0,0 0,0 0,0 0,0 0,0 0,0 0,0 0,0 0,0 0,0 0,0 0
0 0,0 0,0 0,0 0,4 0,4 0,4 0,4 0,4 0,4 0,0 0,0 0,0 0
0 0,0 0,0 0,4 0,0 0,0 0,0 0,0 0,0 0,0 0,4 0,0 0,0 0
0 0,0 0,0 0,4 0,0 0,0 0,0 0,0 0,0 0,0 0,4 0,0 0,0 0
0 0,0 0,0 0,4 0,0 0,0 0,0 0,0 0,4 0,4 0,4 0,0 0,0 0
0 0,0 0,0 0,4 0,0 0,0 0,0 0,0 0,67 3,67 3,4 0,0 0,0 0
0 0,0 0,0 0,4 0,0 0,0 0,0 0,0 0,0 0,0 0,4 0,0 0,0 0
0 0,0 0,0 0,4 0,0 0,0 0,0 0,0 0,0 0,0 0,4 0,0 0,0 0
0 0,0 0,0 0,0 0,4 0,4 0,4 0,4 0,4 0,4 0,0 0,0 0,0 0
0 0,0 0,0 0,0 0,0 0,0 0,0 0,0 0,0 0,0 0,0 0,0 0,0 0
0 0,0 0,0 0,0 0,0 0,0 0,0 0,0 0,0 0,0 0,0 0,0 0,0 0
0 0,0 0,0 0,0 0,0 0,0 0,0 0,0 0,0 0,0 0,0 0,0 0,0 0
0 0,0 0,0 0,0 0,0 0,0 0,0 0,0 0,0 0,0 0,0 0,0 0,0 0
0 0,0 0,0 0,0 0,0 0,0 0,0 0,0 0,0 0,0 0,0 0,0 0,0 0
0 0,0 0,0 0,0 0,4 0,4 0,4 0,4 0,4 0,4 0,0 0,0 0,0 0
0 0,0 0,0 0,4 0,0 0,0 0,0 0,4 0,4 0,4 0,4 0,0 0,0 0
0 0,0 0,0 0,4 0,0 0,0 0,0 0,4 0,4 0,4 0,4 0,0 0,0 0
0 0,0 0,0 0,4 0,0 0,0 0,0 0,0 0,67 3,67 3,4 0,0 0,0 0
0 0,0 0,0 0,4 0,0 0,0 0,0 0,0 0,0 0,0 0,4 0,0 0,0 0
0 0,0 0,0 0,4 0,0 0,0 0,0 0,0 0,0 0,50 2,4 0,0 0,0 0
0 0,0 0,0 0,4 0,0 0,0 0,0 0,0 0,0 0,0 0,4 0,0 0,0 0
0 0,0 0,0 0,0 0,4 0,4 0,4 0,4 0,4 0,4 0,0 0,0 0,0 0
0 0,0 0,0 0,0 0,0 0,0 0,0 0,0 0,0 0,0 0,0 0,0 0,0 0
0 0,0 0,0 0,0 0,0 0,0 0,0 0,0 0,0 0,0 0,0 0,0 0,0 0
0 0,0 0,0 0,0 0,0 0,0 0,0 0,0 0,0 0,0 0,0 0,0 0,0 0
0 0,0 0,0 0,0 0,0 0,0 0,0 0,0 0,0 0,0 0,0 0,0 0,0 0
0 0,0 0,0 0,0 0,0 0,0 0,0 0,0 0,0 0,0 0,0 0,0 0,0 0
0 0,0 0,0 0,0 0,4 0,4 0,4 0,4 0,4 0,4 0,0 0,0 0,0 0
0 0,0 0,0 0,4 0,0 0,0 0,4 0,67 1,0 0,0 0,4 0,0 0,0 0
0 0,0 0,0 0,4 0,0 0,0 0,4 0,67 1,0 0,0 0,4 0,0 0,0 0
0 0,0 0,0 0,4 0,0 0,0 0,0 0,0 0,0 0,0 0,4 0,0 0,0 0
0 0,0 0,0 0,4 0,0 0,0 0,0 0,0 0,0 0,0 0,4 0,0 0,0 0
0 0,0 0,0 0,4 0,0 0,0 0,0 0,0 0,0 0,0 0,4 0,0 0,0 0
0 0,0 0,0 0,4 0,0 0,0 0,0 0,0 0,0 0,0 0,4 0,0 0,0 0
0 0,0 0,0 0,0 0,4 0,4 0,4 0,4 0,4 0,4 0,0 0,0 0,0 0
0 0,0 0,0 0,0 0,0 0,0 0,0 0,0 0,0 0,0 0,0 0,0 0,0 0
0 0,0 0,0 0,0 0,0 0,0 0,0 0,0 0,0 0,0 0,0 0,0 0,0 0
0 0,0 0,0 0,0 0,0 0,0 0,0 0,0 0,0 0,0 0,0 0,0 0,0 0
0 0,0 0,0 0,0 0,0 0,0 0,0 0,0 0,0 0,0 0,0 0,0 0,0 0
0 0,0 0,0 0,0 0,0 0,0 0,0 0,0 0,0 0,0 0,0 0,0 0,0 0
0 0,0 0,0 0,0 0,4 0,4 0,4 0,4 0,4 0,4 0,0 0,0 0,0 0
0 0,0 0,0 0,4 0,4 0,4 0,67 1,0 0,50 3,0 0,4 0,0 0,0 0
0 0,0 0,0 0,4 0,4 0,4 0,67 1,0 0,0 0,0 0,4 0,0 0,0 0
0 0,0 0,0 0,4 0,4 0,4 0,0 0,0 0,0 0,0 0,4 0,0 0,0 0
0 0,0 0,0 0,4 0,0 0,0 0,0 0,0 0,0 0,0 0,4 0,0 0,0 0
0 0,0 0,0 0,4 0,0 0,0 0,0 0,0 0,0 0,0 0,4 0,0 0,0 0
0 0,0 0,0 0,4 0,0 0,0 0,0 0,0 0,0 0,0 0,4 0,0 0,0 0
0 0,0 0,0 0,0 0,4 0,4 0,4 0,4 0,4 0,4 0,0 0,0 0,0 0
0 0,0 0,0 0,0 0,0 0,0 0,0 0,0 0,0 0,0 0,0 0,0 0,0 0
0 0,0 0,0 0,0 0,0 0,0 0,0 0,0 0,0 0,0 0,0 0,0 0,0 0
0 0,0 0,0 0,0 0,0 0,0 0,0 0,0 0,0 0,0 0,0 0,0 0,0 0
0 0,0 0,0 0,0 0,0 0,0 0,0 0,0 0,0 0,0 0,0 0,0 0,0 0
0 0,0 0,0 0,0 0,0 0,0 0,0 0,0 0,0 0,0 0,0 0,0 0,0 0
0 0,0 0,0 0,0 0,4 0,4 0,4 0,4 0,4 0,4 0,0 0,0 0,0 0
0 0,0 0,0 0,4 0,0 0,0 0,0 0,0 0,0 0,0 0,4 0,0 0,0 0
0 0,0 0,0 0,4 0,0 0,0 0,0 0,0 0,0 0,0 0,4 0,0 0,0 0
0 0,0 0,0 0,4 0,67 2,67 2,0 0,0 0,0 0,0 0,4 0,0 0,0 0
0 0,0 0,0 0,4 0,4 0,4 0,0 0,0 0,0 0,0 0,4 0,0 0,0 0
0 0,0 0,0 0,4 0,0 0,0 0,0 0,0 0,0 0,0 0,4 0,0 0,0 0
0 0,0 0,0 0,4 0,0 0,0 0,0 0,0 0,0 0,0 0,4 0,0 0,0 0
0 0,0 0,0 0,0 0,4 0,4 0,4 0,4 0,4 0,4 0,0 0,0 0,0 0
0 0,0 0,0 0,0 0,0 0,0 0,0 0,0 0,0 0,0 0,0 0,0 0,0 0
0 0,0 0,0 0,0 0,0 0,0 0,0 0,0 0,0 0,0 0,0 0,0 0,0 0
0 0,0 0,0 0,0 0,0 0,0 0,0 0,0 0,0 0,0 0,0 0,0 0,0 0
0 0,0 0,0 0,0 0,0 0,0 0,0 0,0 0,0 0,0 0,0 0,0 0,0 0
0 0,0 0,0 0,0 0,0 0,0 0,0 0,0 0,0 0,0 0,0 0,0 0,0 0
0 0,0 0,0 0,0 0,4 0,4 0,4 0,4 0,4 0,4 0,0 0,0 0,0 0
0 0,0 0,0 0,4 0,0 0,0 0,0 0,0 0,0 0,0 0,4 0,0 0,0 0
0 0,0 0,0 0,4 0,50 1,0 0,0 0,0 0,0 0,0 0,4 0,0 0,0 0
0 0,0 0,0 0,4 0,0 0,0 0,0 0,0 0,0 0,0 0,4 0,0 0,0 0
0 0,0 0,0 0,4 0,67 2,67 2,4 0,0 0,0 0,0 0,4 0,0 0,0 0
0 0,0 0,0 0,4 0,4 0,4 0,4 0,0 0,0 0,0 0,4 0,0 0,0 0
0 0,0 0,0 0,4 0,4 0,4 0,4 0,0 0,0 0,0 0,4 0,0 0,0 0
0 0,0 0,0 0,0 0,4 0,4 0,4 0,4 0,4 0,4 0,0 0,0 0,0 0
0 0,0 0,0 0,0 0,0 0,0 0,0 0,0 0,0 0,0 0,0 0,0 0,0 0
0 0,0 0,0 0,0 0,0 0,0 0,0 0,0 0,0 0,0 0,0 0,0 0,0 0
0 0,0 0,0 0,0 0,0 0,0 0,0 0,0 0,0 0,0 0,0 0,0 0,0 0
0 0,0 0,0 0,0 0,0 0,0 0,0 0,0 0,0 0,0 0,0 0,0 0,0 0
0 0,0 0,0 0,0 0,0 0,50 4,0 0,0 0,50 4,0 0,0 0,0 0,0 0
0 0,0 0,0 0,0 0,4 0,4 0,4 0,4 0,4 0,4 0,0 0,0 0,0 0
0 0,0 0,0 0,4 0,0 0,0 0,0 0,0 0,0 0,0 0,4 0,0 0,0 0
0 0,0 0,0 0,4 0,0 0,0 0,0 0,0 0,0 0,0 0,4 0,50 1,0 0
0 0,0 0,0 0,4 0,0 0,0 0,0 0,0 0,0 0,0 0,4 0,0 0,0 0
0 0,0 0,0 0,4 0,0 0,0 0,4 0,0 0,0 0,0 0,4 0,0 0,0 0
0 0,0 0,0 0,4 0,0 0,0 0,67 0,4 0,0 0,0 0,4 0,50 1,0 0
0 0,0 0,0 0,4 0,0 0,0 0,67 0,4 0,0 0,0 0,4 0,0 0,0 0
0 0,0 0,0 0,0 0,4 0,4 0,4 0,4 0,4 0,4 0,0 0,0 0,0 0
0 0,0 0,0 0,0 0,0 0,50 3,0 0,0 0,50 3,0 0,0 0,0 0,0 0
0 0,0 0,0 0,0 0,0 0,0 0,0 0,0 0,0 0,0 0,0 0,0 0,0 0
0 0,0 0,0 0,0 0,0 0,0 0,0 0,0 0,0 0,0 0,0 0,0 0,0 0
0 0,0 0,0 0,20 0,20 0,20 0,20 0,20 0,20 0,20 0,20 0,0 0,0 0
0 0,0 0,20 0,20 0,20 0,20 0,20 0,20 0,20 0,20 0,20 0,20 0,0 0
0 0,20 0,20 0,20 0,4 0,4 0,4 0,4 0,4 0,4 0,20 0,20 0,20 0
0 0,20 0,20 0,4 0,4 0,4 0,4 0,4 0,4 0,4 0,4 0,20 0,20 0
0 0,20 0,20 0,4 0,4 0,4 0,4 0,4 0,4 0,4 0,4 0,20 0,20 0
0 0,20 0,20 0,4 0,0 0,0 0,4 0,4 0,4 0,4 0,4 0,20 0,20 0
0 0,20 0,20 0,4 0,0 0,0 0,4 0,4 0,4 0,4 0,4 0,20 0,20 0
0 0,20 0,20 0,4 0,0 0,0 0,0 0,67 0,4 0,4 0,4 0,20 0,20 0
0 0,20 0,20 0,4 0,0 0,50 4,0 0,67 0,4 0,4 0,4 0,20 0,20 0
0 0,20 0,20 0,20 0,4 0,4 0,4 0,4 0,4 0,4 0,20 0,20 0,20 0
0 0,0 0,20 0,20 0,20 0,20 0,20 0,20 0,20 0,20 0,20 0,20 0,0 0
0 0,0 0,0 0,20 0,20 0,20 0,20 0,20 0,20 0,20 0,20 0,0 0,0 0
0 0,0 0,0 0,0 0,0 0,0 0,0 0,0 0,0 0,0 0,0 0,0 0,0 0
0 0,0 0,0 0,20 0,20 0,20 0,20 0,20 0,20 0,20 0,20 0,0 0,0 0
0 0,0 0,20 0,11 8,11 8,11 8,11 8,11 8,11 8,11 8,11 8,20 0,0 0
0 0,20 0,11 8,11 8,20 0,20 0,20 0,20 0,20 0,20 0,11 8,11 8,20 0
0 0,20 0,11 8,20 0,0 0,0 0,0 0,0 0,0 0,0 0,20 0,11 8,20 0
0 0,20 0,11 8,20 0,0 0,0 0,0 0,0 0,0 0,0 0,20 0,11 8,20 0
0 0,20 0,11 8,20 0,0 0,0 0,0 0,4 0,0 0,0 0,20 0,11 8,20 0
0 0,20 0,11 8,20 0,0 0,0 0,0 0,65 3,0 0,0 0,20 0,11 8,20 0
0 0,20 0,11 8,20 0,0 0,0 0,0 0,0 0,0 0,0 0,20 0,11 8,20 0
0 0,20 0,11 8,20 0,0 0,0 0,0 0,0 0,0 0,0 0,20 0,11 8,20 0
0 0,20 0,11 8,11 8,20 0,20 0,20 0,20 0,20 0,20 0,11 10,11 8,20 0
0 0,0 0,20 0,11 8,11 8,11 8,11 8,11 8,11 8,11 8,11 8,20 0,0 0
0 0,0 0,0 0,20 0,20 0,20 0,20 0,20 0,20 0,20 0,20 0,0 0,0 0
0 0,0 0,0 0,0 0,0 0,0 0,0 0,0 0,0 0,0 0,0 0,0 0,0 0
0 0,0 0,0 0,20 0,20 0,20 0,20 0,20 0,20 0,20 0,20 0,0 0,0 0
0 0,0 0,20 0,11 8,11 8,11 8,11 8,11 8,11 8,11 8,11 8,20 0,0 0
0 0,20 0,11 8,11 8,20 0,20 0,20 0,20 0,20 0,20 0,11 8,11 8,20 0
0 0,20 0,11 8,20 0,0 0,0 0,0 0,0 0,0 0,0 0,20 0,11 8,20 0
0 0,20 0,11 8,20 0,0 0,0 0,0 0,0 0,0 0,0 0,20 0,11 8,20 0
0 0,20 0,11 8,20 0,0 0,0 0,0 0,4 0,0 0,0 0,20 0,11 8,20 0
0 0,20 0,11 8,20 0,0 0,0 0,0 0,65 3,0 0,0 0,20 0,11 8,20 0
0 0,20 0,11 8,20 0,0 0,0 0,0 0,0 0,0 0,0 0,20 0,11 8,20 0
0 0,20 0,11 8,20 0,0 0,0 0,0 0,0 0,0 0,0 0,20 0,11 8,20 0
0 0,20 0,11 8,11 8,20 0,20 0,20 0,20 0,20 0,20 0,11 10,11 8,20 0
0 0,0 0,20 0,11 8,11 8,11 8,11 8,11 8,11 8,11 8,11 8,20 0,0 0
0 0,0 0,0 0,20 0,20 0,20 0,20 0,20 0,20 0,20 0,20 0,0 0,0 0
0 0,0 0,0 0,0 0,0 0,0 0,0 0,0 0,0 0,0 0,0 0,0 0,0 0
0 0,0 0,0 0,20 0,20 0,20 0,20 0,20 0,20 0,20 0,20 0,0 0,0 0
0 0,0 0,20 0,11 8,11 8,11 8,11 8,11 8,11 8,11 8,11 8,20 0,0 0
0 0,20 0,11 8,11 8,20 0,20 0,20 0,20 0,20 0,20 0,11 8,11 8,20 0
0 0,20 0,11 8,20 0,0 0,0 0,0 0,0 0,0 0,0 0,20 0,11 8,20 0
0 0,20 0,11 8,20 0,0 0,0 0,0 0,0 0,0 0,0 0,20 0,11 8,20 0
0 0,20 0,11 8,20 0,0 0,0 0,0 0,4 0,0 0,0 0,20 0,11 8,20 0
0 0,20 0,11 8,20 0,0 0,0 0,0 0,65 3,0 0,0 0,20 0,11 8,20 0
0 0,20 0,11 8,20 0,0 0,0 0,0 0,0 0,0 0,0 0,20 0,11 8,20 0
0 0,20 0,11 8,20 0,0 0,0 0,0 0,0 0,0 0,0 0,20 0,11 8,20 0
0 0,20 0,11 8,11 8,20 0,20 0,20 0,20 0,20 0,20 0,11 10,11 8,20 0
0 0,0 0,20 0,11 8,11 8,11 8,11 8,11 8,11 8,11 8,11 8,20 0,0 0
0 0,0 0,0 0,20 0,20 0,20 0,20 0,20 0,20 0,20 0,20 0,0 0,0 0
0 0,0 0,0 0,0 0,0 0,0 0,0 0,0 0,0 0,0 0,0 0,0 0,0 0
0 0,0 0,0 0,20 0,20 0,20 0,20 0,20 0,20 0,20 0,20 0,0 0,0 0
0 0,0 0,20 0,11 8,11 8,11 8,11 8,11 8,11 8,11 8,11 8,20 0,0 0
0 0,20 0,11 8,11 8,20 0,20 0,20 0,20 0,20 0,20 0,11 8,11 8,20 0
0 0,20 0,11 8,20 0,0 0,0 0,0 0,0 0,0 0,0 0,20 0,11 8,20 0
0 0,20 0,11 8,20 0,0 0,0 0,0 0,0 0,0 0,0 0,20 0,11 8,20 0
0 0,20 0,11 8,20 0,0 0,0 0,0 0,4 0,0 0,0 0,20 0,11 8,20 0
0 0,20 0,11 8,20 0,0 0,0 0,0 0,65 3,0 0,0 0,20 0,11 8,20 0
0 0,20 0,11 8,20 0,0 0,0 0,0 0,0 0,0 0,0 0,20 0,11 8,20 0
0 0,20 0,11 8,20 0,0 0,0 0,0 0,0 0,0 0,0 0,20 0,11 8,20 0
0 0,20 0,11 8,11 8,20 0,20 0,20 0,20 0,20 0,20 0,11 10,11 8,20 0
0 0,0 0,20 0,11 8,11 8,11 8,11 8,11 8,11 8,11 8,11 8,20 0,0 0
0 0,0 0,0 0,20 0,20 0,20 0,20 0,20 0,20 0,20 0,20 0,0 0,0 0
0 0,0 0,0 0,0 0,0 0,0 0,0 0,0 0,0 0,0 0,0 0,0 0,0 0
0 0,0 0,0 0,20 0,20 0,20 0,20 0,20 0,20 0,20 0,20 0,0 0,0 0
0 0,0 0,20 0,11 8,11 8,11 8,11 8,11 8,11 8,11 8,11 8,20 0,0 0
0 0,20 0,11 8,11 8,20 0,20 0,20 0,20 0,20 0,20 0,11 8,11 8,20 0
0 0,20 0,11 8,20 0,0 0,0 0,0 0,0 0,0 0,0 0,20 0,11 8,20 0
0 0,20 0,11 8,20 0,0 0,0 0,0 0,0 0,0 0,0 0,20 0,11 8,20 0
0 0,20 0,11 8,20 0,0 0,0 0,0 0,4 0,0 0,0 0,20 0,11 8,20 0
0 0,20 0,11 8,20 0,0 0,0 0,0 0,65 3,0 0,0 0,20 0,11 8,20 0
0 0,20 0,11 8,20 0,0 0,0 0,0 0,0 0,0 0,0 0,20 0,11 8,20 0
0 0,20 0,11 8,20 0,0 0,0 0,0 0,0 0,0 0,0 0,20 0,11 8,20 0
0 0,20 0,11 8,11 8,20 0,20 0,20 0,20 0,20 0,20 0,11 10,11 8,20 0
0 0,0 0,20 0,11 8,11 8,11 8,11 8,11 8,11 8,11 8,11 8,20 0,0 0
0 0,0 0,0 0,20 0,20 0,20 0,20 0,20 0,20 0,20 0,20 0,0 0,0 0
0 0,0 0,0 0,0 0,0 0,0 0,0 0,0 0,0 0,0 0,0 0,0 0,0 0
0 0,0 0,0 0,20 0,20 0,20 0,20 0,20 0,20 0,20 0,20 0,0 0,0 0
0 0,0 0,20 0,11 8,11 8,11 8,11 8,11 8,11 8,11 8,11 8,20 0,0 0
0 0,20 0,11 8,11 8,20 0,20 0,20 0,20 0,20 0,20 0,11 8,11 8,20 0
0 0,20 0,11 8,20 0,0 0,0 0,0 0,0 0,0 0,0 0,20 0,11 8,20 0
0 0,20 0,11 8,20 0,0 0,0 0,0 0,0 0,0 0,0 0,20 0,11 8,20 0
0 0,20 0,11 8,20 0,0 0,0 0,0 0,4 0,0 0,0 0,20 0,11 8,20 0
0 0,20 0,11 8,20 0,0 0,0 0,0 0,65 3,0 0,0 0,20 0,11 8,20 0
0 0,20 0,11 8,20 0,0 0,0 0,0 0,0 0,0 0,0 0,20 0,11 8,20 0
0 0,20 0,11 8,20 0,0 0,0 0,0 0,0 0,0 0,0 0,20 0,11 8,20 0
0 0,20 0,11 8,11 8,20 0,20 0,20 0,20 0,20 0,20 0,11 10,11 8,20 0
0 0,0 0,20 0,11 8,11 8,11 8,11 8,11 8,11 8,11 8,11 8,20 0,0 0
0 0,0 0,0 0,20 0,20 0,20 0,20 0,20 0,20 0,20 0,20 0,0 0,0 0
0 0,0 0,0 0,0 0,0 0,0 0,0 0,0 0,0 0,0 0,0 0,0 0,0 0
0 0,0 0,0 0,20 0,20 0,20 0,20 0,20 0,20 0,20 0,20 0,0 0,0 0
0 0,0 0,20 0,11 0,11 0,11 0,11 0,11 0,11 0,11 0,11 0,20 0,0 0
0 0,20 0,11 0,11 0,20 0,20 0,20 0,20 0,20 0,20 0,11 0,11 0,20 0
0 0,20 0,11 0,20 0,0 0,0 0,0 0,0 0,0 0,0 0,20 0,11 0,20 0
0 0,20 0,11 0,20 0,0 0,0 0,0 0,0 0,0 0,0 0,20 0,11 0,20 0
0 0,20 0,11 0,20 0,0 0,0 0,0 0,4 0,0 0,0 0,20 0,11 0,20 0
0 0,20 0,11 0,20 0,0 0,0 0,0 0,65 3,0 0,0 0,20 0,11 0,20 0
0 0,20 0,11 0,20 0,0 0,0 0,0 0,0 0,0 0,0 0,20 0,11 0,20 0
0 0,20 0,11 0,20 0,0 0,0 0,0 0,0 0,0 0,0 0,20 0,11 0,20 0
0 0,20 0,11 0,11 0,20 0,20 0,20 0,20 0,20 0,20 0,11 2,11 0,20 0
0 0,0 0,20 0,11 0,11 0,11 0,11 0,11 0,11 0,11 0,11 0,20 0,0 0
0 0,0 0,0 0,20 0,20 0,20 0,20 0,20 0,20 0,20 0,20 0,0 0,0 0
0 0,0 0,0 0,0 0,0 0,0 0,0 0,0 0,0 0,0 0,0 0,0 0,0 0
0 0,0 0,0 0,20 0,20 0,20 0,20 0,20 0,20 0,20 0,20 0,0 0,0 0
0 0,0 0,20 0,20 0,20 0,20 0,20 0,20 0,20 0,20 0,20 0,20 0,0 0
0 0,20 0,20 0,20 0,20 0,20 0,20 0,20 0,20 0,20 0,20 0,20 0,20 0
0 0,20 0,20 0,20 0,20 0,20 0,20 0,20 0,20 0,20 0,20 0,20 0,20 0
0 0,20 0,20 0,20 0,20 0,20 0,20 0,20 0,20 0,20 0,20 0,20 0,20 0
0 0,20 0,20 0,20 0,20 0,20 0,20 0,4 0,20 0,20 0,20 0,20 0,20 0
0 0,20 0,20 0,20 0,20 0,20 0,20 0,65 3,20 0,20 0,20 0,20 0,20 0
0 0,20 0,20 0,20 0,20 0,20 0,20 0,20 0,20 0,20 0,20 0,20 0,20 0
0 0,20 0,20 0,20 0,20 0,20 0,20 0,20 0,20 0,20 0,20 0,20 0,20 0
0 0,20 0,20 0,20 0,20 0,20 0,20 0,20 0,20 0,20 0,20 0,20 0,20 0
0 0,0 0,20 0,20 0,20 0,20 0,20 0,20 0,20 0,20 0,20 0,20 0,0 0
0 0,0 0,0 0,20 0,20 0,20 0,20 0,20 0,20 0,20 0,20 0,0 0,0 0
0 0,0 0,0 0,0 0,0 0,0 0,0 0,0 0,0 0,0 0,0 0,0 0,0 0
