30 17 17 0
general:11:2:12:
general:10:2:3:
general:5:2:5:
general:2:2:13:
general:2:8:13:
general:9:8:13:
general:14:8:8:
general:10:8:4:
general:6:8:4:
general:3:17:16:
general:11:19:15:
general:6:19:14:
general:12:20:9:
general:11:20:6:
general:7:20:5:
general:8:20:9:
general:2:28:5:
general:4:29:9:
general:7:29:10:
general:10:29:9:
general:11:29:6:
general:7:29:6:
[loot]
loot:7:28:8:
[events]
killingspree
[zones]
general:-1,-1,1:30,17,19
[blocks]
24 1,24 1,24 1,24 1,24 1,24 1,24 1,24 1,24 1,24 1,24 1,24 1,24 1,24 0,24 0,24 1,0 0
24 1,24 1,24 1,24 1,24 1,24 1,24 1,24 1,24 1,24 1,24 1,24 1,24 1,24 1,24 1,24 1,0 0
24 1,24 1,24 1,24 1,24 1,24 1,24 1,24 1,24 1,24 1,24 1,24 1,24 1,24 1,24 1,24 1,0 0
24 1,24 1,24 1,24 1,24 1,24 1,24 1,24 1,24 1,24 1,24 1,24 1,24 1,24 1,24 1,24 1,0 0
24 1,24 1,24 1,24 1,24 1,24 1,24 1,24 1,24 1,24 1,24 1,24 1,24 1,24 1,24 1,24 1,0 0
24 1,24 1,0 0,24 1,24 1,24 1,24 1,24 1,24 1,24 1,24 1,24 1,24 1,24 1,24 1,24 1,0 0
24 1,24 1,0 0,0 0,24 1,24 1,24 1,24 1,24 1,24 1,24 1,24 1,24 1,24 1,24 1,24 1,0 0
24 1,24 1,0 0,0 0,24 1,24 1,24 1,24 1,24 1,24 1,24 1,24 1,24 1,24 1,24 1,24 1,0 0
24 1,24 1,0 0,0 0,24 1,24 1,24 1,24 1,24 1,24 1,24 1,24 1,24 1,24 1,24 1,24 1,0 0
24 1,24 1,0 0,0 0,24 1,24 1,24 1,24 1,24 1,24 1,24 1,24 1,24 1,24 1,24 1,24 1,0 0
24 1,24 1,0 0,0 0,24 1,24 1,24 1,24 1,24 1,24 1,24 1,24 1,24 1,24 1,24 1,24 1,0 0
24 1,24 1,24 1,24 1,24 1,24 1,24 1,24 1,24 1,24 1,24 1,24 1,24 1,24 1,24 1,24 1,0 0
24 1,24 1,24 1,24 1,24 1,24 1,24 1,24 1,24 1,24 1,24 1,24 1,24 1,24 1,24 1,24 1,0 0
24 1,24 1,24 1,24 1,24 1,24 1,24 1,24 1,24 1,24 1,24 1,24 1,24 1,24 1,24 1,24 1,0 0
24 1,24 1,24 1,24 1,24 1,24 1,24 1,24 1,24 1,24 1,24 1,24 1,24 1,24 1,24 1,24 1,0 0
0 0,0 0,0 0,0 0,0 0,0 0,0 0,0 0,0 0,0 0,0 0,0 0,0 0,0 0,0 0,0 0,0 0
0 0,0 0,0 0,0 0,0 0,0 0,0 0,0 0,0 0,0 0,0 0,0 0,0 0,0 0,0 0,0 0,0 0
5 0,5 0,5 0,5 0,5 0,5 0,5 0,5 0,5 0,5 0,5 0,5 0,5 0,5 0,5 0,5 0,0 0
5 0,0 0,0 0,0 0,0 0,0 0,0 0,0 0,0 0,0 0,0 0,0 0,0 0,0 0,0 0,5 0,0 0
5 0,0 0,0 0,0 0,0 0,0 0,0 0,0 0,0 0,0 0,0 0,0 0,0 0,0 0,0 0,5 0,0 0
5 0,0 0,0 0,0 0,0 0,0 0,0 0,0 0,0 0,0 0,0 0,0 0,0 0,0 0,0 0,5 0,0 0
5 0,0 0,0 0,0 0,0 0,0 0,0 0,0 0,0 0,0 0,0 0,0 0,0 0,0 0,0 0,5 0,0 0
5 0,0 0,53 2,53 2,0 0,0 0,0 0,0 0,0 0,0 0,0 0,0 0,0 0,0 0,0 0,5 0,0 0
5 0,0 0,5 0,5 0,0 0,0 0,0 0,0 0,0 0,0 0,0 0,0 0,0 0,0 0,0 0,0 0,0 0
5 0,0 0,5 0,5 0,0 0,0 0,0 0,0 0,0 0,0 0,0 0,0 0,0 0,0 0,0 0,0 0,0 0
5 0,0 0,5 0,5 0,0 0,0 0,0 0,0 0,0 0,0 0,0 0,0 0,0 0,0 0,0 0,5 0,0 0
5 0,0 0,5 0,5 0,0 0,0 0,0 0,0 0,0 0,0 0,0 0,0 0,0 0,0 0,0 0,5 0,0 0
5 0,0 0,5 0,5 0,0 0,0 0,0 0,0 0,0 0,0 0,0 0,0 0,0 0,0 0,0 0,5 0,0 0
5 0,0 0,0 0,0 0,0 0,0 0,0 0,0 0,0 0,0 0,0 0,0 0,0 0,0 0,0 0,5 0,0 0
5 0,0 0,0 0,0 0,0 0,0 0,0 0,0 0,0 0,0 0,0 0,0 0,0 0,0 0,0 0,5 0,0 0
5 0,0 0,0 0,0 0,0 0,0 0,0 0,0 0,0 0,0 0,0 0,0 0,0 0,0 0,0 0,5 0,0 0
5 0,5 0,5 0,5 0,5 0,5 0,5 0,5 0,5 0,5 0,5 0,5 0,5 0,5 0,5 0,5 0,0 0
0 0,0 0,0 0,0 0,0 0,0 0,0 0,0 0,0 0,0 0,0 0,0 0,0 0,0 0,0 0,0 0,0 0
0 0,0 0,0 0,0 0,0 0,0 0,0 0,0 0,0 0,0 0,0 0,0 0,0 0,0 0,0 0,0 0,0 0
5 0,5 0,20 0,20 0,20 0,20 0,20 0,5 0,5 0,20 0,20 0,20 0,20 0,20 0,5 0,5 0,0 0
5 0,0 0,0 0,0 0,0 0,0 0,0 0,0 0,0 0,0 0,0 0,0 0,0 0,0 0,0 0,5 0,0 0
20 0,0 0,0 0,0 0,0 0,0 0,0 0,0 0,0 0,0 0,0 0,0 0,0 0,0 0,0 0,20 0,0 0
20 0,0 0,0 0,0 0,0 0,0 0,0 0,0 0,0 0,0 0,0 0,0 0,0 0,0 0,0 0,20 0,0 0
20 0,0 0,0 0,0 0,0 0,0 0,0 0,0 0,0 0,0 0,0 0,0 0,0 0,0 0,0 0,20 0,0 0
20 0,0 0,0 0,0 0,0 0,0 0,0 0,0 0,0 0,0 0,0 0,0 0,0 0,0 0,0 0,5 0,0 0
5 0,0 0,53 2,53 2,0 0,0 0,0 0,0 0,0 0,0 0,0 0,0 0,0 0,0 0,0 0,0 0,0 0
20 0,0 0,5 0,5 0,0 0,0 0,0 0,0 0,0 0,0 0,0 0,0 0,0 0,0 0,0 0,0 0,0 0
5 0,0 0,5 0,5 0,0 0,0 0,0 0,0 0,0 0,0 0,0 0,0 0,0 0,0 0,0 0,5 0,0 0
20 0,0 0,5 0,5 0,0 0,0 0,0 0,0 0,0 0,0 0,0 0,0 0,0 0,0 0,0 0,20 0,0 0
20 0,0 0,5 0,5 0,0 0,0 0,0 0,0 0,0 0,0 0,0 0,0 0,0 0,0 0,0 0,20 0,0 0
20 0,0 0,0 0,0 0,0 0,0 0,0 0,0 0,0 0,0 0,0 0,0 0,0 0,0 0,0 0,20 0,0 0
20 0,0 0,0 0,0 0,0 0,0 0,0 0,0 0,0 0,0 0,0 0,0 0,0 0,0 0,0 0,5 0,0 0
5 0,0 0,0 0,0 0,0 0,0 0,0 0,0 0,0 0,0 0,0 0,0 0,0 0,0 0,0 0,5 0,0 0
5 0,5 0,20 0,20 0,20 0,20 0,20 0,5 0,5 0,20 0,20 0,20 0,20 0,20 0,5 0,5 0,0 0
0 0,0 0,0 0,0 0,0 0,0 0,0 0,0 0,0 0,0 0,0 0,0 0,0 0,0 0,0 0,0 0,0 0
0 0,0 0,0 0,0 0,0 0,0 0,0 0,0 0,0 0,0 0,0 0,0 0,0 0,0 0,0 0,0 0,0 0
5 0,5 0,5 0,5 0,5 0,5 0,5 0,5 0,5 0,5 0,5 0,5 0,5 0,5 0,5 0,5 0,0 0
5 0,50 3,0 0,50 3,0 0,50 3,0 0,50 3,0 0,0 0,0 0,0 0,0 0,0 0,0 0,5 0,0 0
5 0,50 1,0 0,0 0,0 0,0 0,0 0,0 0,0 0,0 0,0 0,0 0,0 0,0 0,0 0,5 0,0 0
5 0,0 0,0 0,0 0,0 0,0 0,0 0,0 0,0 0,0 0,0 0,0 0,0 0,0 0,0 0,5 0,0 0
5 0,50 1,0 0,0 0,0 0,0 0,0 0,0 0,0 0,0 0,0 0,0 0,0 0,0 0,0 0,5 0,0 0
5 0,0 0,0 0,0 0,0 0,0 0,0 0,0 0,0 0,0 0,0 0,0 0,0 0,0 0,0 0,5 0,0 0
5 0,50 1,0 0,0 0,0 0,0 0,0 0,0 0,0 0,0 0,0 0,0 0,0 0,0 0,0 0,5 0,0 0
5 0,0 0,53 2,53 2,0 0,0 0,0 0,0 0,0 0,0 0,0 0,0 0,0 0,0 0,0 0,5 0,0 0
5 0,50 1,5 0,5 0,0 0,0 0,0 0,0 0,0 0,0 0,0 0,0 0,0 0,0 0,0 0,5 0,0 0
5 0,50 2,5 0,5 0,0 0,0 0,0 0,0 0,0 0,0 0,0 0,0 0,0 0,0 0,0 0,5 0,0 0
5 0,50 1,5 0,5 0,0 0,0 0,0 0,0 0,0 0,0 0,0 0,0 0,0 0,0 0,0 0,5 0,0 0
5 0,0 0,0 0,0 0,0 0,0 0,0 0,0 0,0 0,0 0,0 0,0 0,0 0,0 0,0 0,5 0,0 0
5 0,50 1,0 0,0 0,0 0,0 0,0 0,0 0,0 0,0 0,0 0,0 0,0 0,0 0,0 0,5 0,0 0
5 0,50 4,0 0,0 0,0 0,0 0,0 0,0 0,0 0,0 0,0 0,0 0,0 0,0 0,0 0,5 0,0 0
5 0,5 0,5 0,5 0,5 0,5 0,5 0,5 0,5 0,5 0,5 0,5 0,5 0,5 0,5 0,5 0,0 0
0 0,0 0,0 0,0 0,0 0,0 0,0 0,0 0,0 0,0 0,0 0,0 0,0 0,0 0,0 0,0 0,0 0
0 0,0 0,0 0,0 0,0 0,0 0,0 0,0 0,0 0,0 0,0 0,0 0,0 0,0 0,0 0,0 0,0 0
5 0,5 0,5 0,5 0,5 0,5 0,5 0,5 0,5 0,5 0,5 0,5 0,5 0,5 0,5 0,5 0,0 0
5 0,0 0,0 0,0 0,0 0,0 0,0 0,0 0,0 0,0 0,0 0,0 0,0 0,0 0,0 0,5 0,0 0
5 0,0 0,0 0,0 0,0 0,0 0,0 0,0 0,0 0,0 0,0 0,0 0,0 0,0 0,0 0,5 0,0 0
5 0,0 0,0 0,0 0,0 0,0 0,0 0,0 0,0 0,0 0,0 0,0 0,0 0,0 0,0 0,5 0,0 0
5 0,0 0,0 0,0 0,0 0,0 0,0 0,0 0,0 0,0 0,0 0,0 0,0 0,0 0,0 0,5 0,0 0
5 0,0 0,0 0,0 0,0 0,0 0,0 0,0 0,0 0,0 0,0 0,0 0,0 0,0 0,0 0,5 0,0 0
5 0,0 0,0 0,0 0,0 0,0 0,0 0,0 0,0 0,0 0,0 0,0 0,0 0,0 0,0 0,5 0,0 0
5 0,0 0,0 0,0 0,0 0,0 0,0 0,0 0,0 0,0 0,0 0,0 0,0 0,0 0,0 0,5 0,0 0
5 0,0 0,53 2,53 2,0 0,0 0,0 0,0 0,0 0,0 0,0 0,0 0,0 0,0 0,0 0,5 0,0 0
5 0,0 0,5 0,5 0,0 0,0 0,0 0,0 0,0 0,0 0,0 0,0 0,0 0,0 0,0 0,5 0,0 0
5 0,50 2,5 0,5 0,0 0,0 0,0 0,0 0,0 0,0 0,0 0,0 0,0 0,0 0,0 0,5 0,0 0
5 0,0 0,0 0,0 0,0 0,0 0,0 0,0 0,0 0,0 0,0 0,0 0,0 0,0 0,0 0,5 0,0 0
5 0,0 0,0 0,0 0,0 0,0 0,0 0,0 0,0 0,0 0,0 0,0 0,0 0,0 0,0 0,5 0,0 0
5 0,0 0,0 0,0 0,0 0,0 0,0 0,0 0,0 0,0 0,0 0,0 0,0 0,0 0,0 0,5 0,0 0
5 0,5 0,5 0,5 0,5 0,5 0,5 0,5 0,5 0,5 0,5 0,5 0,5 0,5 0,5 0,5 0,0 0
0 0,0 0,0 0,0 0,0 0,0 0,0 0,0 0,0 0,0 0,50 3,0 0,0 0,0 0,50 3,0 0,0 0
0 0,0 0,0 0,0 0,0 0,0 0,0 0,0 0,0 0,0 0,0 0,0 0,0 0,0 0,0 0,0 0,0 0
17 1,17 1,17 1,17 1,17 1,17 1,17 1,17 1,17 1,17 1,17 1,17 1,17 1,17 1,17 1,17 1,0 0
17 1,0 0,0 0,0 0,0 0,0 0,0 0,0 0,0 0,0 0,0 0,0 0,0 0,0 0,0 0,17 1,0 0
17 1,0 0,0 0,0 0,0 0,0 0,0 0,0 0,0 0,0 0,0 0,0 0,0 0,0 0,0 0,17 1,0 0
17 1,0 0,0 0,5 0,50 1,0 0,0 0,0 0,0 0,0 0,0 0,0 0,5 0,50 1,0 0,17 1,0 0
17 1,0 0,0 0,50 3,0 0,0 0,0 0,0 0,0 0,0 0,0 0,0 0,50 3,0 0,0 0,17 1,0 0
17 1,0 0,0 0,0 0,0 0,0 0,0 0,0 0,0 0,0 0,0 0,0 0,0 0,0 0,0 0,17 1,0 0
17 1,0 0,0 0,0 0,0 0,0 0,0 0,0 0,0 0,0 0,0 0,0 0,0 0,0 0,0 0,17 1,0 0
17 1,0 0,0 0,0 0,0 0,0 0,0 0,0 0,0 0,0 0,0 0,0 0,0 0,0 0,0 0,17 1,0 0
17 1,0 0,0 0,0 0,0 0,0 0,0 0,0 0,0 0,0 0,0 0,0 0,0 0,0 0,0 0,17 1,0 0
17 1,0 0,53 2,53 2,0 0,0 0,0 0,0 0,0 0,0 0,0 0,0 0,0 0,0 0,0 0,17 1,0 0
17 1,0 0,5 0,5 0,50 1,0 0,5 0,50 1,0 0,0 0,0 0,0 0,5 0,50 1,0 0,17 1,0 0
17 1,0 0,0 0,50 3,0 0,0 0,50 3,0 0,0 0,0 0,0 0,0 0,50 3,0 0,0 0,17 1,0 0
17 1,0 0,0 0,0 0,0 0,0 0,0 0,0 0,0 0,0 0,0 0,0 0,0 0,0 0,0 0,17 1,0 0
17 1,0 0,0 0,0 0,0 0,0 0,0 0,0 0,0 0,0 0,0 0,0 0,0 0,0 0,0 0,17 1,0 0
17 1,17 1,17 1,17 1,17 1,17 1,17 1,17 1,17 1,17 1,17 1,17 1,17 1,17 1,17 1,17 1,0 0
0 0,0 0,0 0,0 0,0 0,0 0,0 0,0 0,0 0,0 0,0 0,0 0,0 0,0 0,0 0,0 0,0 0
0 0,0 0,0 0,0 0,0 0,0 0,0 0,0 0,0 0,0 0,0 0,0 0,0 0,0 0,0 0,0 0,0 0
5 0,5 0,5 0,5 0,5 0,5 0,5 0,5 0,5 0,5 0,5 0,5 0,5 0,5 0,5 0,5 0,0 0
5 0,5 0,5 0,5 0,5 0,5 0,5 0,5 0,5 0,5 0,5 0,5 0,5 0,5 0,5 0,5 0,0 0
5 0,5 0,5 0,5 0,5 0,5 0,5 0,5 0,5 0,5 0,5 0,5 0,5 0,5 0,5 0,5 0,0 0
5 0,5 0,5 0,5 0,5 0,5 0,5 0,5 0,5 0,5 0,5 0,5 0,5 0,5 0,5 0,5 0,0 0
5 0,5 0,5 0,5 0,5 0,5 0,5 0,5 0,5 0,5 0,5 0,5 0,5 0,5 0,5 0,5 0,0 0
5 0,5 0,5 0,5 0,5 0,5 0,5 0,5 0,5 0,5 0,5 0,5 0,5 0,5 0,5 0,5 0,0 0
5 0,5 0,0 0,0 0,5 0,5 0,5 0,5 0,5 0,5 0,5 0,5 0,5 0,5 0,5 0,5 0,0 0
5 0,5 0,0 0,0 0,5 0,5 0,5 0,5 0,5 0,5 0,5 0,5 0,5 0,5 0,5 0,5 0,0 0
5 0,5 0,0 0,0 0,5 0,5 0,5 0,5 0,5 0,5 0,5 0,5 0,5 0,5 0,5 0,5 0,0 0
5 0,5 0,0 0,0 0,5 0,5 0,5 0,5 0,5 0,5 0,5 0,5 0,5 0,5 0,5 0,5 0,0 0
5 0,5 0,53 2,53 2,5 0,5 0,5 0,5 0,5 0,5 0,5 0,5 0,5 0,5 0,5 0,5 0,0 0
5 0,5 0,5 0,5 0,5 0,5 0,5 0,5 0,5 0,5 0,5 0,5 0,5 0,5 0,5 0,5 0,0 0
5 0,5 0,5 0,5 0,5 0,5 0,5 0,5 0,5 0,5 0,5 0,5 0,5 0,5 0,5 0,5 0,0 0
5 0,5 0,5 0,5 0,5 0,5 0,5 0,5 0,5 0,5 0,5 0,5 0,5 0,5 0,5 0,5 0,0 0
5 0,5 0,5 0,5 0,5 0,5 0,5 0,5 0,5 0,5 0,5 0,5 0,5 0,5 0,5 0,5 0,0 0
0 0,50 3,0 0,0 0,50 3,0 0,0 0,50 3,0 0,0 0,0 0,0 0,0 0,0 0,0 0,0 0,0 0
0 0,0 0,0 0,0 0,0 0,0 0,0 0,0 0,0 0,0 0,0 0,0 0,0 0,0 0,0 0,0 0,0 0
5 0,5 0,5 0,5 0,5 0,5 0,5 0,5 0,5 0,5 0,5 0,5 0,5 0,5 0,5 0,5 0,0 0
5 0,0 0,50 5,0 0,50 5,0 0,50 5,0 0,50 5,0 0,50 5,0 0,50 5,0 0,50 5,5 0,0 0
5 0,50 5,0 0,0 0,0 0,0 0,0 0,0 0,0 0,0 0,0 0,0 0,0 0,0 0,50 5,5 0,0 0
5 0,0 0,53 2,53 2,0 0,0 0,0 0,0 0,0 0,0 0,0 0,0 0,0 0,0 0,0 0,5 0,0 0
5 0,50 5,5 0,5 0,0 0,0 0,50 5,0 0,0 0,0 0,50 5,0 0,0 0,0 0,50 5,5 0,0 0
5 0,5 0,5 0,5 0,5 0,0 0,0 0,0 0,50 5,0 0,0 0,0 0,1 0,0 0,0 0,5 0,0 0
5 0,50 5,0 0,0 0,5 0,0 0,0 0,0 0,0 0,0 0,0 0,0 0,1 0,0 0,50 5,5 0,0 0
5 0,0 0,0 0,0 0,5 0,0 0,50 5,0 0,0 0,0 0,50 5,0 0,0 0,63 4,0 0,5 0,0 0
5 0,50 5,0 0,0 0,5 0,0 0,0 0,0 0,0 0,0 0,0 0,0 0,1 0,0 0,50 5,5 0,0 0
5 0,0 0,0 0,0 0,5 0,0 0,0 0,0 0,50 5,0 0,0 0,0 0,1 0,0 0,0 0,5 0,0 0
5 0,0 0,0 0,0 0,5 0,0 0,50 5,0 0,0 0,0 0,50 5,0 0,0 0,0 0,50 5,5 0,0 0
5 0,0 0,0 0,0 0,5 0,0 0,0 0,0 0,0 0,0 0,0 0,0 0,0 0,0 0,0 0,5 0,0 0
5 0,50 5,0 0,0 0,0 0,0 0,0 0,0 0,0 0,0 0,0 0,0 0,0 0,0 0,50 5,5 0,0 0
5 0,0 0,50 5,0 0,50 5,0 0,50 5,0 0,50 5,0 0,50 5,0 0,50 5,0 0,50 5,5 0,0 0
5 0,5 0,5 0,5 0,5 0,5 0,5 0,5 0,5 0,5 0,5 0,5 0,5 0,5 0,5 0,5 0,0 0
0 0,0 0,0 0,0 0,0 0,0 0,0 0,0 0,0 0,0 0,0 0,0 0,0 0,0 0,0 0,0 0,0 0
0 0,0 0,0 0,0 0,0 0,0 0,0 0,0 0,0 0,0 0,0 0,0 0,0 0,0 0,0 0,0 0,0 0
17 1,17 1,17 1,17 1,17 1,17 1,17 1,17 1,17 1,17 1,17 1,17 1,17 1,17 1,17 1,17 1,0 0
17 1,0 0,0 0,0 0,50 3,0 0,0 0,0 0,50 3,0 0,0 0,0 0,0 0,0 0,0 0,17 1,0 0
17 1,0 0,0 0,0 0,0 0,0 0,0 0,0 0,0 0,0 0,0 0,0 0,0 0,0 0,0 0,17 1,0 0
17 1,0 0,0 0,0 0,0 0,0 0,0 0,0 0,0 0,0 0,0 0,0 0,0 0,0 0,0 0,17 1,0 0
17 1,0 0,53 2,53 2,0 0,0 0,0 0,0 0,0 0,0 0,0 0,0 0,0 0,0 0,0 0,17 1,0 0
17 1,50 5,5 0,5 0,0 0,0 0,0 0,0 0,0 0,0 0,0 0,0 0,0 0,0 0,0 0,17 1,0 0
17 1,0 0,5 0,5 0,0 0,0 0,0 0,0 0,0 0,0 0,0 0,0 0,1 0,0 0,0 0,17 1,0 0
17 1,0 0,0 0,0 0,0 0,0 0,0 0,0 0,0 0,0 0,0 0,0 0,0 0,0 0,0 0,17 1,0 0
17 1,0 0,0 0,0 0,0 0,0 0,0 0,0 0,0 0,0 0,0 0,0 0,1 0,0 0,0 0,17 1,0 0
17 1,0 0,0 0,0 0,0 0,0 0,0 0,0 0,0 0,0 0,0 0,0 0,0 0,0 0,0 0,17 1,0 0
17 1,0 0,0 0,0 0,0 0,0 0,0 0,0 0,0 0,0 0,0 0,0 0,0 0,0 0,0 0,17 1,0 0
17 1,0 0,0 0,0 0,0 0,0 0,0 0,0 0,0 0,0 0,0 0,0 0,0 0,0 0,0 0,17 1,0 0
17 1,0 0,0 0,0 0,0 0,0 0,0 0,0 0,0 0,0 0,0 0,0 0,0 0,0 0,0 0,17 1,0 0
17 1,0 0,0 0,0 0,0 0,0 0,0 0,0 0,0 0,0 0,0 0,0 0,0 0,0 0,0 0,17 1,0 0
17 1,17 1,17 1,17 1,17 1,17 1,17 1,17 1,17 1,17 1,17 1,17 1,17 1,17 1,17 1,17 1,0 0
0 0,0 0,0 0,0 0,0 0,0 0,0 0,0 0,0 0,0 0,0 0,0 0,0 0,0 0,0 0,0 0,0 0
0 0,0 0,0 0,0 0,0 0,0 0,0 0,0 0,0 0,0 0,0 0,0 0,0 0,0 0,0 0,0 0,0 0
5 0,5 0,5 0,5 0,5 0,5 0,5 0,5 0,5 0,5 0,5 0,5 0,5 0,5 0,5 0,5 0,0 0
5 0,0 0,50 3,0 0,50 3,0 0,50 3,0 0,50 3,0 0,50 3,0 0,50 3,0 0,50 3,5 0,0 0
5 0,50 1,0 0,0 0,0 0,0 0,0 0,0 0,0 0,0 0,0 0,0 0,0 0,0 0,0 0,5 0,0 0
5 0,0 0,0 0,0 0,0 0,0 0,0 0,0 0,0 0,0 0,0 0,0 0,0 0,0 0,0 0,5 0,0 0
5 0,50 1,0 0,0 0,0 0,0 0,0 0,0 0,0 0,0 0,0 0,0 0,0 0,0 0,0 0,5 0,0 0
5 0,0 0,53 2,53 2,0 0,0 0,0 0,0 0,0 0,0 0,0 0,0 0,0 0,0 0,0 0,5 0,0 0
5 0,50 1,5 0,5 0,0 0,0 0,0 0,0 0,0 0,0 0,0 0,0 0,1 0,0 0,0 0,5 0,0 0
5 0,0 0,5 0,5 0,0 0,0 0,0 0,0 0,0 0,0 0,0 0,0 0,1 0,0 0,0 0,5 0,0 0
5 0,50 1,0 0,0 0,0 0,0 0,0 0,0 0,0 0,0 0,0 0,0 0,1 0,0 0,0 0,5 0,0 0
5 0,0 0,0 0,0 0,0 0,0 0,0 0,0 0,0 0,0 0,0 0,0 0,0 0,0 0,0 0,5 0,0 0
5 0,50 1,0 0,0 0,0 0,0 0,0 0,0 0,0 0,0 0,0 0,0 0,0 0,0 0,0 0,5 0,0 0
5 0,0 0,0 0,0 0,0 0,0 0,0 0,0 0,0 0,0 0,0 0,0 0,0 0,0 0,0 0,5 0,0 0
5 0,50 1,0 0,0 0,0 0,0 0,0 0,0 0,0 0,0 0,0 0,0 0,0 0,0 0,0 0,5 0,0 0
5 0,0 0,0 0,0 0,0 0,0 0,0 0,0 0,0 0,0 0,0 0,0 0,0 0,0 0,0 0,5 0,0 0
5 0,5 0,5 0,5 0,5 0,5 0,5 0,5 0,5 0,5 0,5 0,5 0,5 0,5 0,5 0,5 0,0 0
0 0,0 0,0 0,0 0,0 0,0 0,0 0,0 0,0 0,0 0,0 0,0 0,0 0,0 0,0 0,0 0,0 0
0 0,0 0,0 0,0 0,0 0,0 0,0 0,0 0,0 0,0 0,0 0,0 0,0 0,0 0,0 0,0 0,0 0
5 0,5 0,5 0,5 0,5 0,5 0,5 0,5 0,5 0,5 0,5 0,5 0,5 0,5 0,5 0,5 0,0 0
5 0,0 0,0 0,0 0,0 0,0 0,0 0,0 0,0 0,0 0,0 0,0 0,0 0,0 0,0 0,5 0,0 0
5 0,0 0,0 0,0 0,0 0,0 0,0 0,0 0,0 0,0 0,0 0,0 0,0 0,0 0,0 0,5 0,0 0
5 0,0 0,0 0,0 0,0 0,0 0,0 0,0 0,0 0,0 0,0 0,0 0,0 0,0 0,0 0,5 0,0 0
5 0,0 0,0 0,0 0,0 0,0 0,0 0,0 0,0 0,0 0,0 0,0 0,1 0,0 0,0 0,5 0,0 0
5 0,0 0,0 0,0 0,0 0,0 0,0 0,0 0,0 0,0 0,0 0,0 0,0 0,0 0,0 0,5 0,0 0
5 0,0 0,53 2,53 2,0 0,0 0,0 0,0 0,0 0,0 0,0 0,0 0,1 0,0 0,0 0,5 0,0 0
5 0,0 0,5 0,5 0,0 0,0 0,0 0,0 0,0 0,0 0,0 0,0 0,1 0,0 0,0 0,5 0,0 0
5 0,0 0,5 0,5 0,0 0,0 0,0 0,0 0,0 0,0 0,0 0,0 0,1 0,0 0,0 0,5 0,0 0
5 0,0 0,0 0,0 0,0 0,0 0,0 0,0 0,0 0,0 0,0 0,0 0,0 0,0 0,0 0,5 0,0 0
5 0,0 0,0 0,0 0,0 0,0 0,0 0,0 0,0 0,0 0,0 0,0 0,0 0,0 0,0 0,5 0,0 0
5 0,0 0,0 0,0 0,0 0,0 0,0 0,0 0,0 0,0 0,0 0,0 0,0 0,0 0,0 0,5 0,0 0
5 0,0 0,0 0,0 0,0 0,0 0,0 0,0 0,0 0,0 0,0 0,0 0,0 0,0 0,0 0,5 0,0 0
5 0,0 0,0 0,0 0,0 0,0 0,0 0,0 0,0 0,0 0,0 0,0 0,0 0,0 0,0 0,5 0,0 0
5 0,5 0,5 0,5 0,5 0,5 0,5 0,5 0,5 0,5 0,5 0,5 0,5 0,5 0,5 0,5 0,0 0
0 0,0 0,0 0,0 0,0 0,0 0,0 0,0 0,0 0,0 0,0 0,0 0,0 0,0 0,0 0,0 0,0 0
0 0,0 0,0 0,0 0,0 0,0 0,0 0,0 0,0 0,0 0,0 0,0 0,0 0,0 0,0 0,0 0,0 0
17 1,17 1,17 1,17 1,17 1,17 1,17 1,17 1,17 1,17 1,17 1,17 1,17 1,17 1,17 1,17 1,0 0
17 1,0 0,50 3,0 0,50 3,0 0,50 3,0 0,50 3,0 0,50 3,0 0,50 3,0 0,50 3,17 1,0 0
17 1,50 1,0 0,0 0,0 0,0 0,0 0,0 0,0 0,0 0,0 0,0 0,0 0,0 0,0 0,17 1,0 0
17 1,0 0,0 0,0 0,0 0,0 0,0 0,0 0,0 0,0 0,0 0,0 0,0 0,0 0,0 0,17 1,0 0
17 1,50 1,0 0,0 0,0 0,0 0,0 0,0 0,0 0,0 0,0 0,0 0,1 0,0 0,0 0,17 1,0 0
17 1,0 0,0 0,0 0,0 0,0 0,0 0,0 0,0 0,0 0,0 0,0 0,1 0,0 0,0 0,17 1,0 0
17 1,50 1,0 0,0 0,0 0,0 0,0 0,0 0,0 0,0 0,0 0,89 0,1 0,0 0,0 0,17 1,0 0
17 1,0 0,53 2,53 2,0 0,0 0,0 0,0 0,0 0,0 0,0 0,0 0,1 0,0 0,0 0,17 1,0 0
17 1,50 1,5 0,5 0,0 0,0 0,0 0,0 0,0 0,0 0,0 0,89 0,1 0,0 0,0 0,17 1,0 0
17 1,0 0,5 0,5 0,0 0,0 0,0 0,0 0,0 0,0 0,0 0,0 0,1 0,0 0,0 0,17 1,0 0
17 1,50 1,0 0,0 0,0 0,0 0,0 0,0 0,0 0,0 0,0 0,0 0,1 0,0 0,0 0,17 1,0 0
17 1,0 0,0 0,0 0,0 0,0 0,0 0,0 0,0 0,0 0,0 0,0 0,0 0,0 0,0 0,17 1,0 0
17 1,50 1,0 0,0 0,0 0,0 0,0 0,0 0,0 0,0 0,0 0,0 0,0 0,0 0,0 0,17 1,0 0
17 1,0 0,0 0,0 0,0 0,0 0,0 0,0 0,0 0,0 0,0 0,0 0,0 0,0 0,0 0,17 1,0 0
17 1,17 1,17 1,17 1,17 1,17 1,17 1,17 1,17 1,17 1,17 1,17 1,17 1,17 1,17 1,17 1,0 0
0 0,0 0,0 0,0 0,0 0,0 0,0 0,0 0,0 0,0 0,0 0,0 0,0 0,0 0,0 0,0 0,0 0
0 0,0 0,0 0,0 0,0 0,0 0,0 0,0 0,0 0,0 0,0 0,0 0,0 0,0 0,0 0,0 0,0 0
5 0,5 0,5 0,5 0,5 0,5 0,5 0,5 0,5 0,5 0,5 0,5 0,5 0,5 0,5 0,5 0,0 0
5 0,0 0,0 0,0 0,0 0,0 0,0 0,0 0,0 0,0 0,0 0,0 0,0 0,0 0,0 0,5 0,0 0
5 0,0 0,0 0,0 0,0 0,0 0,0 0,0 0,0 0,0 0,0 0,0 0,0 0,0 0,0 0,5 0,0 0
5 0,0 0,0 0,0 0,0 0,0 0,0 0,0 0,0 0,0 0,0 0,0 0,0 0,0 0,0 0,5 0,0 0
5 0,0 0,0 0,0 0,0 0,0 0,0 0,0 0,0 0,0 0,0 0,0 0,0 0,0 0,0 0,5 0,0 0
5 0,0 0,0 0,0 0,0 0,0 0,0 0,0 0,0 0,0 0,0 0,0 0,0 0,0 0,0 0,5 0,0 0
5 0,0 0,0 0,0 0,0 0,0 0,0 0,0 0,0 0,0 0,0 0,0 0,1 0,0 0,0 0,5 0,0 0
5 0,0 0,0 0,0 0,0 0,0 0,0 0,0 0,0 0,0 0,0 0,0 0,1 0,0 0,0 0,5 0,0 0
5 0,0 0,53 2,53 2,0 0,0 0,0 0,0 0,0 0,0 0,0 0,0 0,1 0,0 0,0 0,5 0,0 0
5 0,0 0,5 0,5 0,0 0,0 0,0 0,0 0,0 0,0 0,0 0,0 0,0 0,0 0,0 0,5 0,0 0
5 0,0 0,5 0,5 0,0 0,0 0,0 0,0 0,0 0,0 0,0 0,0 0,1 0,0 0,0 0,5 0,0 0
5 0,0 0,0 0,0 0,0 0,0 0,0 0,0 0,0 0,0 0,0 0,0 0,0 0,0 0,0 0,5 0,0 0
5 0,0 0,0 0,0 0,0 0,0 0,0 0,0 0,0 0,0 0,0 0,0 0,0 0,0 0,0 0,5 0,0 0
5 0,0 0,0 0,0 0,0 0,0 0,0 0,0 0,0 0,0 0,0 0,0 0,0 0,0 0,0 0,5 0,0 0
5 0,5 0,5 0,5 0,5 0,5 0,5 0,5 0,5 0,5 0,5 0,5 0,5 0,5 0,5 0,5 0,0 0
0 0,0 0,0 0,0 0,0 0,0 0,0 0,0 0,0 0,0 0,0 0,0 0,0 0,0 0,0 0,0 0,0 0
0 0,0 0,0 0,0 0,0 0,0 0,0 0,0 0,0 0,0 0,0 0,0 0,0 0,0 0,0 0,0 0,0 0
5 0,5 0,5 0,5 0,5 0,5 0,5 0,5 0,5 0,5 0,5 0,5 0,5 0,5 0,5 0,5 0,0 0
5 0,0 0,50 3,0 0,50 3,0 0,50 3,0 0,50 3,0 0,50 3,0 0,50 3,0 0,50 3,5 0,0 0
5 0,50 1,0 0,0 0,0 0,0 0,0 0,0 0,0 0,0 0,0 0,0 0,0 0,0 0,0 0,5 0,0 0
5 0,0 0,0 0,0 0,0 0,0 0,0 0,0 0,0 0,0 0,0 0,0 0,0 0,0 0,0 0,5 0,0 0
5 0,50 1,0 0,0 0,0 0,0 0,0 0,0 0,0 0,0 0,0 0,0 0,0 0,0 0,0 0,5 0,0 0
5 0,0 0,0 0,0 0,0 0,0 0,0 0,0 0,0 0,0 0,0 0,0 0,0 0,0 0,0 0,5 0,0 0
5 0,50 1,0 0,0 0,0 0,0 0,0 0,0 0,0 0,0 0,0 0,0 0,0 0,0 0,0 0,5 0,0 0
5 0,0 0,0 0,0 0,0 0,0 0,0 0,0 0,0 0,0 0,0 0,0 0,1 0,0 0,0 0,5 0,0 0
5 0,50 1,0 0,0 0,0 0,0 0,0 0,0 0,0 0,0 0,0 0,0 0,0 0,0 0,0 0,5 0,0 0
5 0,0 0,53 2,53 2,0 0,0 0,0 0,0 0,0 0,0 0,0 0,0 0,0 0,0 0,0 0,5 0,0 0
5 0,50 1,5 0,5 0,0 0,0 0,0 0,0 0,0 0,0 0,0 0,0 0,0 0,0 0,0 0,5 0,0 0
5 0,0 0,5 0,5 0,0 0,0 0,0 0,0 0,0 0,0 0,0 0,0 0,0 0,0 0,0 0,5 0,0 0
5 0,50 1,0 0,0 0,0 0,0 0,0 0,0 0,0 0,0 0,0 0,0 0,0 0,0 0,0 0,5 0,0 0
5 0,0 0,0 0,0 0,0 0,0 0,0 0,0 0,0 0,0 0,0 0,0 0,0 0,0 0,0 0,5 0,0 0
5 0,5 0,5 0,5 0,5 0,5 0,5 0,5 0,5 0,5 0,5 0,5 0,5 0,5 0,5 0,5 0,0 0
0 0,0 0,0 0,0 0,0 0,0 0,0 0,0 0,0 0,0 0,0 0,0 0,0 0,0 0,0 0,0 0,0 0
0 0,0 0,0 0,0 0,0 0,0 0,0 0,0 0,0 0,0 0,0 0,0 0,0 0,0 0,0 0,0 0,0 0
17 1,17 1,17 1,17 1,17 1,17 1,17 1,17 1,17 1,17 1,17 1,17 1,17 1,17 1,17 1,17 1,0 0
17 1,0 0,0 0,0 0,0 0,0 0,0 0,0 0,0 0,0 0,0 0,0 0,0 0,0 0,0 0,17 1,0 0
17 1,0 0,0 0,0 0,0 0,0 0,0 0,0 0,0 0,0 0,0 0,0 0,0 0,0 0,0 0,17 1,0 0
17 1,0 0,0 0,0 0,0 0,0 0,0 0,0 0,0 0,0 0,0 0,0 0,0 0,0 0,0 0,17 1,0 0
17 1,0 0,0 0,0 0,0 0,0 0,0 0,0 0,0 0,0 0,0 0,0 0,0 0,0 0,0 0,17 1,0 0
17 1,0 0,0 0,0 0,0 0,0 0,0 0,0 0,0 0,0 0,0 0,0 0,0 0,0 0,0 0,17 1,0 0
17 1,0 0,0 0,0 0,0 0,0 0,0 0,0 0,0 0,0 0,0 0,0 0,1 0,0 0,0 0,17 1,0 0
17 1,0 0,0 0,0 0,0 0,0 0,0 0,0 0,0 0,0 0,0 0,0 0,1 0,0 0,0 0,17 1,0 0
17 1,0 0,0 0,0 0,0 0,0 0,0 0,0 0,0 0,0 0,0 0,0 0,1 0,0 0,0 0,17 1,0 0
17 1,0 0,0 0,0 0,0 0,0 0,0 0,0 0,0 0,0 0,0 0,0 0,0 0,0 0,0 0,17 1,0 0
17 1,0 0,53 2,53 2,0 0,0 0,0 0,0 0,0 0,0 0,0 0,0 0,0 0,0 0,0 0,17 1,0 0
17 1,0 0,5 0,5 0,0 0,0 0,0 0,0 0,0 0,0 0,0 0,0 0,0 0,0 0,0 0,17 1,0 0
17 1,0 0,5 0,5 0,0 0,0 0,0 0,0 0,0 0,0 0,0 0,0 0,0 0,0 0,0 0,17 1,0 0
17 1,0 0,0 0,0 0,0 0,0 0,0 0,0 0,0 0,0 0,0 0,0 0,0 0,0 0,0 0,17 1,0 0
17 1,17 1,17 1,17 1,17 1,17 1,17 1,17 1,17 1,17 1,17 1,17 1,17 1,17 1,17 1,17 1,0 0
0 0,0 0,0 0,0 0,0 0,0 0,0 0,0 0,0 0,0 0,0 0,0 0,0 0,0 0,0 0,0 0,0 0
0 0,0 0,0 0,0 0,0 0,0 0,0 0,0 0,0 0,0 0,0 0,0 0,0 0,0 0,0 0,0 0,0 0
0 0,0 0,0 0,0 0,0 0,0 0,0 0,0 0,0 0,0 0,0 0,0 0,0 0,0 0,0 0,0 0,0 0
0 0,5 0,5 0,5 0,5 0,5 0,5 0,5 0,5 0,5 0,5 0,5 0,5 0,5 0,5 0,0 0,0 0
0 0,5 0,50 1,0 0,50 3,0 0,50 3,0 0,50 3,0 0,50 3,0 0,50 3,50 2,5 0,0 0,0 0
0 0,5 0,0 0,0 0,0 0,0 0,0 0,0 0,0 0,0 0,0 0,0 0,0 0,0 0,5 0,0 0,0 0
0 0,5 0,0 0,0 0,0 0,0 0,0 0,0 0,0 0,0 0,0 0,0 0,0 0,0 0,5 0,0 0,0 0
0 0,5 0,0 0,0 0,0 0,0 0,0 0,0 0,0 0,0 0,0 0,0 0,0 0,0 0,5 0,0 0,0 0
0 0,5 0,50 1,0 0,0 0,0 0,0 0,0 0,0 0,0 0,0 0,0 0,89 0,0 0,5 0,0 0,0 0
0 0,5 0,0 0,0 0,0 0,0 0,0 0,0 0,0 0,0 0,0 0,0 0,1 0,0 0,5 0,0 0,0 0
0 0,5 0,50 1,0 0,0 0,0 0,0 0,0 0,0 0,0 0,0 0,0 0,89 0,0 0,5 0,0 0,0 0
0 0,5 0,0 0,0 0,0 0,0 0,0 0,0 0,0 0,0 0,0 0,0 0,0 0,0 0,5 0,0 0,0 0
0 0,5 0,50 1,0 0,0 0,0 0,0 0,0 0,0 0,0 0,0 0,0 0,0 0,0 0,5 0,0 0,0 0
0 0,5 0,53 2,53 2,0 0,0 0,0 0,0 0,0 0,0 0,0 0,0 0,0 0,0 0,5 0,0 0,0 0
0 0,5 0,5 0,5 0,50 4,0 0,0 0,0 0,0 0,0 0,0 0,0 0,0 0,0 0,5 0,0 0,0 0
0 0,5 0,5 0,5 0,5 0,5 0,5 0,5 0,5 0,5 0,5 0,5 0,5 0,5 0,5 0,0 0,0 0
0 0,5 0,5 0,5 0,5 0,5 0,5 0,5 0,5 0,0 0,0 0,0 0,0 0,0 0,0 0,0 0,0 0
0 0,5 0,5 0,5 0,5 0,5 0,5 0,5 0,5 0,0 0,0 0,0 0,0 0,0 0,0 0,0 0,0 0
0 0,5 0,5 0,5 0,5 0,5 0,5 0,5 0,0 0,0 0,0 0,0 0,0 0,0 0,0 0,0 0,0 0
0 0,0 0,0 0,0 0,0 0,0 0,0 0,0 0,0 0,0 0,0 0,0 0,0 0,0 0,0 0,0 0,0 0
0 0,5 0,5 0,5 0,5 0,5 0,5 0,5 0,5 0,5 0,5 0,5 0,5 0,5 0,5 0,0 0,0 0
0 0,5 0,0 0,0 0,0 0,0 0,0 0,0 0,0 0,0 0,0 0,0 0,0 0,0 0,5 0,0 0,0 0
0 0,5 0,0 0,0 0,0 0,0 0,0 0,0 0,0 0,0 0,0 0,0 0,0 0,0 0,5 0,0 0,0 0
0 0,5 0,0 0,0 0,0 0,0 0,0 0,0 0,0 0,0 0,0 0,0 0,0 0,0 0,5 0,0 0,0 0
0 0,5 0,0 0,0 0,0 0,0 0,0 0,0 0,0 0,0 0,0 0,0 0,0 0,0 0,5 0,0 0,0 0
0 0,5 0,0 0,0 0,0 0,0 0,0 0,0 0,0 0,0 0,0 0,0 0,1 0,0 0,5 0,0 0,0 0
0 0,5 0,0 0,0 0,0 0,0 0,0 0,0 0,0 0,0 0,0 0,0 0,1 0,0 0,5 0,0 0,0 0
0 0,5 0,0 0,0 0,0 0,0 0,0 0,0 0,0 0,0 0,0 0,0 0,1 0,0 0,5 0,0 0,0 0
0 0,5 0,0 0,0 0,0 0,0 0,0 0,0 0,0 0,0 0,0 0,0 0,0 0,0 0,5 0,0 0,0 0
0 0,5 0,0 0,0 0,0 0,0 0,0 0,0 0,0 0,0 0,0 0,0 0,0 0,0 0,5 0,0 0,0 0
0 0,5 0,0 0,0 0,85 0,0 0,0 0,0 0,0 0,0 0,0 0,0 0,0 0,0 0,5 0,0 0,0 0
0 0,5 0,0 0,0 0,85 0,0 0,0 0,0 0,0 0,0 0,0 0,0 0,0 0,0 0,5 0,0 0,0 0
0 0,5 0,0 0,0 0,5 0,5 0,5 0,5 0,5 0,5 0,5 0,5 0,5 0,5 0,5 0,0 0,0 0
0 0,85 0,0 0,0 0,0 0,0 0,0 0,53 0,5 0,5 0,0 0,0 0,0 0,0 0,0 0,0 0,0 0
0 0,85 0,0 0,0 0,50 5,0 0,50 5,53 0,5 0,5 0,0 0,0 0,0 0,0 0,0 0,0 0,0 0
0 0,85 0,0 0,0 0,0 0,0 0,85 0,5 0,5 0,0 0,0 0,0 0,0 0,0 0,0 0,0 0,0 0
0 0,0 0,0 0,0 0,0 0,0 0,0 0,0 0,0 0,0 0,0 0,0 0,0 0,0 0,0 0,0 0,0 0
0 0,17 1,17 1,17 1,17 1,17 1,17 1,17 1,17 1,17 1,17 1,17 1,17 1,17 1,17 1,0 0,0 0
0 0,17 1,0 0,0 0,0 0,0 0,0 0,0 0,0 0,0 0,0 0,0 0,0 0,0 0,17 1,0 0,0 0
0 0,17 1,0 0,0 0,0 0,0 0,0 0,0 0,0 0,0 0,0 0,0 0,0 0,0 0,17 1,0 0,0 0
0 0,17 1,0 0,0 0,0 0,0 0,0 0,0 0,0 0,0 0,0 0,0 0,0 0,0 0,17 1,0 0,0 0
0 0,17 1,0 0,0 0,0 0,0 0,0 0,0 0,0 0,0 0,0 0,0 0,0 0,0 0,17 1,0 0,0 0
0 0,17 1,50 1,0 0,0 0,0 0,0 0,0 0,0 0,0 0,0 0,0 0,0 0,0 0,17 1,0 0,0 0
0 0,17 1,0 0,0 0,0 0,0 0,0 0,0 0,0 0,0 0,0 0,0 0,0 0,0 0,17 1,0 0,0 0
0 0,17 1,50 1,0 0,0 0,0 0,0 0,0 0,0 0,0 0,0 0,0 0,0 0,0 0,17 1,0 0,0 0
0 0,17 1,0 0,0 0,0 0,0 0,0 0,0 0,0 0,0 0,0 0,0 0,0 0,0 0,17 1,0 0,0 0
0 0,17 1,50 1,0 0,0 0,0 0,0 0,0 0,0 0,0 0,0 0,0 0,0 0,0 0,17 1,0 0,0 0
0 0,17 1,0 0,0 0,0 0,0 0,0 0,0 0,0 0,0 0,0 0,0 0,0 0,0 0,17 1,0 0,0 0
0 0,17 1,50 1,0 0,50 4,0 0,0 0,0 0,0 0,0 0,0 0,0 0,0 0,0 0,17 1,0 0,0 0
0 0,17 1,0 0,0 0,17 1,17 1,17 1,17 1,17 1,17 1,17 1,17 1,17 1,17 1,17 1,0 0,0 0
0 0,0 0,0 0,0 0,50 3,0 0,0 0,0 0,53 0,5 0,5 0,5 0,5 0,5 0,0 0,0 0,0 0
0 0,0 0,0 0,0 0,0 0,0 0,0 0,0 0,53 0,5 0,5 0,5 0,5 0,5 0,0 0,0 0,0 0
0 0,0 0,0 0,0 0,0 0,0 0,85 0,85 0,5 0,5 0,5 0,5 0,5 0,5 0,0 0,0 0,0 0
0 0,0 0,0 0,0 0,0 0,0 0,0 0,0 0,0 0,0 0,0 0,0 0,0 0,0 0,0 0,0 0,0 0
0 0,0 0,0 0,0 0,0 0,0 0,0 0,0 0,0 0,0 0,0 0,0 0,0 0,0 0,0 0,0 0,0 0
0 0,0 0,5 0,5 0,5 0,5 0,5 0,5 0,5 0,5 0,5 0,5 0,5 0,5 0,0 0,0 0,0 0
0 0,0 0,5 0,5 0,5 0,5 0,5 0,5 0,5 0,5 0,5 0,5 0,5 0,5 0,0 0,0 0,0 0
0 0,0 0,5 0,5 0,5 0,5 0,5 0,5 0,5 0,5 0,5 0,5 0,5 0,5 0,0 0,0 0,0 0
0 0,0 0,5 0,5 0,5 0,5 0,5 0,5 0,5 0,5 0,5 0,5 0,5 0,5 0,0 0,0 0,0 0
0 0,0 0,5 0,5 0,5 0,5 0,5 0,5 0,5 0,5 0,5 0,5 0,5 0,5 0,0 0,0 0,0 0
0 0,0 0,5 0,5 0,5 0,5 0,5 0,5 0,5 0,5 0,5 0,5 0,5 0,5 0,0 0,0 0,0 0
0 0,0 0,5 0,5 0,5 0,5 0,5 0,5 0,5 0,5 0,5 0,5 0,5 0,5 0,0 0,0 0,0 0
0 0,0 0,5 0,5 0,5 0,5 0,5 0,5 0,5 0,5 0,5 0,5 0,5 0,5 0,0 0,0 0,0 0
0 0,0 0,5 0,5 0,5 0,5 0,5 0,5 0,5 0,5 0,5 0,5 0,5 0,5 0,0 0,0 0,0 0
0 0,0 0,5 0,5 0,5 0,5 0,5 0,5 0,5 0,5 0,5 0,5 0,5 0,5 0,0 0,0 0,0 0
0 0,0 0,5 0,5 0,5 0,5 0,5 0,5 0,5 0,5 0,5 0,5 0,5 0,5 0,0 0,0 0,0 0
0 0,0 0,0 0,0 0,0 0,0 0,0 0,0 0,0 0,0 0,0 0,53 3,53 3,5 0,0 0,0 0,0 0
0 0,0 0,0 0,0 0,0 0,0 0,0 0,0 0,0 0,0 0,0 0,0 0,0 0,85 0,0 0,0 0,0 0
0 0,0 0,0 0,0 0,0 0,0 0,0 0,0 0,0 0,0 0,50 5,0 0,50 5,85 0,0 0,0 0,0 0
0 0,0 0,0 0,0 0,0 0,0 0,0 0,85 0,85 0,85 0,85 0,85 0,85 0,85 0,0 0,0 0,0 0
0 0,0 0,0 0,0 0,0 0,0 0,0 0,0 0,0 0,0 0,0 0,0 0,0 0,0 0,0 0,0 0,0 0
0 0,0 0,0 0,0 0,0 0,0 0,0 0,0 0,0 0,0 0,0 0,0 0,0 0,0 0,0 0,0 0,0 0
0 0,0 0,5 0,5 0,5 0,5 0,5 0,5 0,5 0,5 0,5 0,5 0,5 0,5 0,0 0,0 0,0 0
0 0,0 0,5 0,0 0,50 5,0 0,50 5,0 0,50 5,0 0,50 5,0 0,0 0,5 0,0 0,0 0,0 0
0 0,0 0,5 0,50 5,85 0,85 0,85 0,0 0,0 0,0 0,0 0,0 0,0 0,5 0,0 0,0 0,0 0
0 0,0 0,5 0,0 0,85 0,92 5,0 0,0 0,50 5,0 0,0 0,0 0,0 0,5 0,0 0,0 0,0 0
0 0,0 0,5 0,50 5,85 0,92 1,92 1,0 0,0 0,0 0,5 0,0 0,0 0,5 0,0 0,0 0,0 0
0 0,0 0,5 0,0 0,85 0,85 0,85 0,0 0,0 0,50 5,5 0,0 0,0 0,5 0,0 0,0 0,0 0
0 0,0 0,5 0,50 5,0 0,0 0,0 0,0 0,0 0,0 0,5 0,0 0,0 0,5 0,0 0,0 0,0 0
0 0,0 0,5 0,5 0,5 0,5 0,5 0,53 1,0 0,50 5,5 0,0 0,0 0,5 0,0 0,0 0,0 0
0 0,0 0,5 0,5 0,5 0,5 0,5 0,53 1,0 0,0 0,5 0,0 0,0 0,5 0,0 0,0 0,0 0
0 0,0 0,5 0,0 0,50 5,0 0,50 5,0 0,50 5,0 0,5 0,0 0,0 0,5 0,0 0,0 0,0 0
0 0,0 0,5 0,5 0,5 0,5 0,5 0,5 0,5 0,5 0,5 0,0 0,0 0,5 0,0 0,0 0,0 0
0 0,0 0,0 0,0 0,0 0,0 0,0 0,0 0,0 0,0 0,0 0,0 0,0 0,85 0,0 0,0 0,0 0
0 0,0 0,0 0,0 0,0 0,0 0,0 0,0 0,0 0,0 0,0 0,0 0,0 0,85 0,0 0,0 0,0 0
0 0,0 0,0 0,0 0,0 0,0 0,0 0,0 0,0 0,0 0,0 0,0 0,0 0,0 0,0 0,0 0,0 0
0 0,0 0,0 0,0 0,0 0,0 0,0 0,0 0,0 0,0 0,0 0,0 0,0 0,0 0,0 0,0 0,0 0
0 0,0 0,0 0,0 0,0 0,0 0,0 0,0 0,0 0,0 0,0 0,0 0,0 0,0 0,0 0,0 0,0 0
0 0,0 0,0 0,0 0,0 0,0 0,0 0,0 0,0 0,0 0,0 0,0 0,0 0,0 0,0 0,0 0,0 0
0 0,0 0,17 1,17 1,17 1,17 1,17 1,17 1,17 1,17 1,17 1,17 1,17 1,17 1,0 0,0 0,0 0
0 0,0 0,17 1,0 0,0 0,0 0,0 0,0 0,0 0,0 0,0 0,68 3,0 0,17 1,0 0,0 0,0 0
0 0,0 0,17 1,0 0,0 0,0 0,0 0,0 0,0 0,0 0,0 0,0 0,0 0,17 1,0 0,0 0,0 0
0 0,0 0,17 1,0 0,0 0,0 0,0 0,0 0,0 0,0 0,0 0,0 0,0 0,17 1,0 0,0 0,0 0
0 0,0 0,17 1,0 0,0 0,0 0,0 0,0 0,0 0,0 0,17 1,0 0,0 0,17 1,0 0,0 0,0 0
0 0,0 0,17 1,0 0,0 0,0 0,0 0,0 0,0 0,0 0,17 1,0 0,0 0,17 1,0 0,0 0,0 0
0 0,0 0,17 1,0 0,0 0,0 0,0 0,0 0,0 0,0 0,17 1,50 1,0 0,17 1,0 0,0 0,0 0
0 0,0 0,17 1,5 0,5 0,5 0,53 1,0 0,0 0,0 0,17 1,0 0,0 0,17 1,0 0,0 0,0 0
0 0,0 0,17 1,5 0,5 0,5 0,53 1,0 0,0 0,0 0,17 1,50 1,0 0,17 1,0 0,0 0,0 0
0 0,0 0,17 1,0 0,0 0,0 0,0 0,0 0,0 0,0 0,17 1,0 0,0 0,17 1,0 0,0 0,0 0
0 0,0 0,17 1,17 1,17 1,17 1,17 1,17 1,17 1,17 1,17 1,50 1,0 0,17 1,0 0,0 0,0 0
0 0,0 0,0 0,0 0,0 0,0 0,0 0,0 0,0 0,0 0,0 0,0 0,0 0,0 0,0 0,0 0,0 0
0 0,0 0,0 0,0 0,0 0,0 0,0 0,0 0,0 0,0 0,0 0,0 0,0 0,0 0,0 0,0 0,0 0
0 0,0 0,0 0,0 0,0 0,0 0,0 0,0 0,0 0,0 0,0 0,0 0,0 0,0 0,0 0,0 0,0 0
0 0,0 0,0 0,0 0,0 0,0 0,0 0,0 0,0 0,0 0,0 0,0 0,0 0,0 0,0 0,0 0,0 0
0 0,0 0,0 0,0 0,0 0,0 0,0 0,0 0,0 0,0 0,0 0,0 0,0 0,0 0,0 0,0 0,0 0
0 0,0 0,0 0,0 0,0 0,0 0,0 0,0 0,0 0,0 0,0 0,0 0,0 0,0 0,0 0,0 0,0 0
0 0,0 0,5 0,5 0,5 0,5 0,5 0,5 0,5 0,5 0,5 0,5 0,5 0,5 0,0 0,0 0,0 0
0 0,0 0,5 0,0 0,50 3,0 0,50 3,0 0,50 3,0 0,50 3,0 0,50 3,5 0,0 0,0 0,0 0
0 0,0 0,5 0,50 1,0 0,0 0,0 0,0 0,0 0,0 0,0 0,0 0,0 0,5 0,0 0,0 0,0 0
0 0,0 0,5 0,0 0,0 0,0 0,0 0,0 0,0 0,0 0,0 0,0 0,0 0,5 0,0 0,0 0,0 0
0 0,0 0,5 0,50 1,0 0,0 0,0 0,0 0,0 0,0 0,0 0,0 0,0 0,5 0,0 0,0 0,0 0
0 0,0 0,5 0,0 0,0 0,0 0,0 0,0 0,0 0,0 0,0 0,0 0,0 0,5 0,0 0,0 0,0 0
0 0,0 0,5 0,50 1,0 0,0 0,0 0,0 0,0 0,0 0,0 0,0 0,0 0,5 0,0 0,0 0,0 0
0 0,0 0,5 0,5 0,5 0,53 1,0 0,0 0,0 0,0 0,0 0,0 0,0 0,5 0,0 0,0 0,0 0
0 0,0 0,5 0,5 0,5 0,53 1,0 0,0 0,0 0,0 0,0 0,0 0,0 0,5 0,0 0,0 0,0 0
0 0,0 0,5 0,0 0,50 4,0 0,0 0,0 0,0 0,0 0,0 0,0 0,0 0,5 0,0 0,0 0,0 0
0 0,0 0,5 0,5 0,5 0,5 0,5 0,5 0,5 0,5 0,5 0,0 0,0 0,5 0,0 0,0 0,0 0
0 0,0 0,0 0,0 0,0 0,0 0,0 0,0 0,0 0,0 0,0 0,0 0,0 0,0 0,0 0,0 0,0 0
0 0,0 0,0 0,0 0,0 0,0 0,0 0,0 0,0 0,0 0,0 0,0 0,0 0,0 0,0 0,0 0,0 0
0 0,0 0,0 0,0 0,0 0,0 0,0 0,0 0,0 0,0 0,0 0,0 0,0 0,0 0,0 0,0 0,0 0
0 0,0 0,0 0,0 0,0 0,0 0,0 0,0 0,0 0,0 0,0 0,0 0,0 0,0 0,0 0,0 0,0 0
0 0,0 0,0 0,0 0,0 0,0 0,0 0,0 0,0 0,0 0,0 0,0 0,0 0,0 0,0 0,0 0,0 0
0 0,0 0,0 0,0 0,0 0,0 0,0 0,0 0,0 0,0 0,0 0,0 0,0 0,0 0,0 0,0 0,0 0
0 0,0 0,5 0,5 0,5 0,5 0,5 0,5 0,5 0,5 0,5 0,5 0,5 0,5 0,0 0,0 0,0 0
0 0,0 0,5 0,0 0,0 0,0 0,0 0,0 0,0 0,0 0,0 0,0 0,0 0,5 0,0 0,0 0,0 0
0 0,0 0,5 0,0 0,0 0,0 0,0 0,0 0,0 0,0 0,0 0,0 0,0 0,5 0,0 0,0 0,0 0
0 0,0 0,5 0,0 0,0 0,0 0,0 0,0 0,0 0,0 0,0 0,0 0,0 0,5 0,0 0,0 0,0 0
0 0,0 0,5 0,0 0,0 0,0 0,0 0,0 0,0 0,0 0,0 0,0 0,0 0,5 0,0 0,0 0,0 0
0 0,0 0,5 0,0 0,0 0,0 0,0 0,0 0,0 0,0 0,0 0,0 0,0 0,5 0,0 0,0 0,0 0
0 0,0 0,5 0,0 0,0 0,0 0,0 0,0 0,0 0,0 0,0 0,0 0,0 0,5 0,0 0,0 0,0 0
0 0,0 0,5 0,5 0,53 1,0 0,0 0,0 0,0 0,0 0,0 0,0 0,0 0,5 0,0 0,0 0,0 0
0 0,0 0,5 0,5 0,53 1,0 0,0 0,0 0,0 0,0 0,0 0,0 0,0 0,5 0,0 0,0 0,0 0
0 0,0 0,5 0,0 0,0 0,0 0,0 0,0 0,0 0,0 0,0 0,0 0,0 0,5 0,0 0,0 0,0 0
0 0,0 0,5 0,5 0,5 0,5 0,5 0,5 0,5 0,5 0,5 0,5 0,5 0,5 0,0 0,0 0,0 0
0 0,0 0,0 0,0 0,0 0,0 0,0 0,0 0,0 0,0 0,0 0,0 0,0 0,0 0,0 0,0 0,0 0
0 0,0 0,0 0,0 0,0 0,0 0,0 0,0 0,0 0,0 0,0 0,0 0,0 0,0 0,0 0,0 0,0 0
0 0,0 0,0 0,0 0,0 0,0 0,0 0,0 0,0 0,0 0,0 0,0 0,0 0,0 0,0 0,0 0,0 0
0 0,0 0,0 0,0 0,0 0,0 0,0 0,0 0,0 0,0 0,0 0,0 0,0 0,0 0,0 0,0 0,0 0
0 0,0 0,0 0,0 0,0 0,0 0,0 0,0 0,0 0,0 0,0 0,0 0,0 0,0 0,0 0,0 0,0 0
0 0,0 0,0 0,0 0,0 0,0 0,0 0,0 0,0 0,0 0,0 0,0 0,0 0,0 0,0 0,0 0,0 0
0 0,0 0,17 1,17 1,17 1,17 1,17 1,17 1,17 1,17 1,17 1,17 1,17 1,17 1,0 0,0 0,0 0
0 0,0 0,17 1,0 0,50 3,0 0,50 3,0 0,50 3,0 0,50 3,0 0,0 0,17 1,0 0,0 0,0 0
0 0,0 0,17 1,50 1,0 0,0 0,0 0,0 0,0 0,0 0,0 0,0 0,0 0,17 1,0 0,0 0,0 0
0 0,0 0,17 1,0 0,0 0,0 0,0 0,0 0,0 0,0 0,0 0,0 0,0 0,17 1,0 0,0 0,0 0
0 0,0 0,17 1,50 1,0 0,0 0,0 0,0 0,0 0,0 0,0 0,0 0,0 0,17 1,0 0,0 0,0 0
0 0,17 1,17 1,0 0,0 0,0 0,0 0,0 0,0 0,0 0,0 0,0 0,0 0,17 1,0 0,0 0,0 0
17 1,17 1,17 1,50 1,0 0,0 0,0 0,0 0,0 0,0 0,0 0,0 0,0 0,17 1,0 0,0 0,0 0
17 1,17 1,17 1,53 1,0 0,0 0,0 0,0 0,0 0,0 0,0 0,0 0,0 0,17 1,0 0,0 0,0 0
17 1,17 1,17 1,53 1,0 0,0 0,0 0,0 0,0 0,0 0,0 0,0 0,0 0,17 1,0 0,0 0,0 0
17 1,17 1,17 1,0 0,0 0,0 0,0 0,0 0,0 0,0 0,0 0,0 0,0 0,17 1,0 0,0 0,0 0
0 0,0 0,17 1,17 1,17 1,17 1,17 1,17 1,17 1,17 1,17 1,17 1,17 1,17 1,0 0,0 0,0 0
0 0,0 0,0 0,0 0,0 0,0 0,0 0,0 0,0 0,0 0,0 0,0 0,0 0,0 0,0 0,0 0,0 0
0 0,0 0,0 0,0 0,0 0,0 0,0 0,0 0,0 0,0 0,0 0,0 0,0 0,0 0,0 0,0 0,0 0
0 0,0 0,0 0,0 0,0 0,0 0,0 0,0 0,0 0,0 0,0 0,0 0,0 0,0 0,0 0,0 0,0 0
0 0,0 0,0 0,0 0,0 0,0 0,0 0,0 0,0 0,0 0,0 0,0 0,0 0,0 0,0 0,0 0,0 0
0 0,0 0,0 0,0 0,0 0,0 0,0 0,0 0,0 0,0 0,0 0,0 0,0 0,0 0,0 0,0 0,0 0
0 0,0 0,0 0,0 0,0 0,0 0,0 0,0 0,0 0,0 0,0 0,0 0,0 0,0 0,0 0,0 0,0 0
0 0,0 0,0 0,0 0,0 0,0 0,0 0,0 0,0 0,0 0,0 0,0 0,0 0,0 0,0 0,0 0,0 0
0 0,0 0,0 0,5 0,5 0,5 0,5 0,5 0,5 0,5 0,5 0,5 0,5 0,0 0,0 0,0 0,0 0
0 0,0 0,0 0,5 0,0 0,0 0,0 0,0 0,0 0,0 0,0 0,0 0,5 0,0 0,0 0,0 0,0 0
0 0,0 0,0 0,5 0,0 0,0 0,0 0,0 0,0 0,0 0,0 0,0 0,5 0,0 0,0 0,0 0,0 0
5 0,5 0,5 0,5 0,0 0,0 0,0 0,0 0,0 0,0 0,0 0,0 0,5 0,0 0,0 0,0 0,0 0
5 0,5 0,5 0,5 0,0 0,0 0,0 0,0 0,0 0,0 0,0 0,0 0,5 0,0 0,0 0,0 0,0 0
85 0,53 3,53 3,5 0,0 0,0 0,0 0,0 0,0 0,0 0,0 0,0 0,5 0,0 0,0 0,0 0,0 0
85 0,0 0,0 0,0 0,0 0,0 0,0 0,0 0,0 0,0 0,0 0,0 0,5 0,0 0,0 0,0 0,0 0
85 0,50 5,0 0,0 0,0 0,0 0,0 0,0 0,0 0,0 0,0 0,0 0,5 0,0 0,0 0,0 0,0 0
85 0,85 0,85 0,5 0,5 0,5 0,5 0,5 0,5 0,5 0,5 0,5 0,5 0,0 0,0 0,0 0,0 0
0 0,0 0,0 0,0 0,0 0,0 0,0 0,0 0,0 0,0 0,0 0,0 0,0 0,0 0,0 0,0 0,0 0
0 0,0 0,0 0,0 0,0 0,0 0,0 0,0 0,0 0,0 0,0 0,0 0,0 0,0 0,0 0,0 0,0 0
0 0,0 0,0 0,0 0,0 0,0 0,0 0,0 0,0 0,0 0,0 0,0 0,0 0,0 0,0 0,0 0,0 0
0 0,0 0,0 0,0 0,0 0,0 0,0 0,0 0,0 0,0 0,0 0,0 0,0 0,0 0,0 0,0 0,0 0
0 0,0 0,0 0,0 0,0 0,0 0,0 0,0 0,0 0,0 0,0 0,0 0,0 0,0 0,0 0,0 0,0 0
0 0,0 0,0 0,0 0,0 0,0 0,0 0,0 0,0 0,0 0,0 0,0 0,0 0,0 0,0 0,0 0,0 0
0 0,0 0,0 0,0 0,0 0,0 0,0 0,0 0,0 0,0 0,0 0,0 0,0 0,0 0,0 0,0 0,0 0
0 0,0 0,0 0,0 0,0 0,0 0,0 0,0 0,0 0,0 0,0 0,0 0,0 0,0 0,0 0,0 0,0 0
0 0,0 0,0 0,5 0,5 0,5 0,5 0,5 0,5 0,5 0,5 0,5 0,5 0,0 0,0 0,0 0,0 0
5 0,5 0,5 0,5 0,50 3,0 0,50 3,0 0,50 3,0 0,50 3,50 2,5 0,0 0,0 0,0 0,0 0
5 0,5 0,5 0,5 0,0 0,0 0,0 0,0 0,0 0,0 0,0 0,0 0,5 0,0 0,0 0,0 0,0 0
5 0,5 0,5 0,5 0,50 1,0 0,0 0,0 0,0 0,0 0,0 0,0 0,5 0,0 0,0 0,0 0,0 0
85 0,53 3,53 3,5 0,0 0,0 0,0 0,0 0,0 0,0 0,0 0,0 0,5 0,0 0,0 0,0 0,0 0
85 0,0 0,0 0,5 0,50 1,0 0,0 0,0 0,0 0,0 0,0 0,0 0,5 0,0 0,0 0,0 0,0 0
0 0,0 0,0 0,0 0,0 0,0 0,0 0,0 0,0 0,0 0,0 0,0 0,5 0,0 0,0 0,0 0,0 0
0 0,0 0,0 0,0 0,0 0,0 0,0 0,0 0,0 0,0 0,0 0,0 0,5 0,0 0,0 0,0 0,0 0
0 0,0 0,0 0,5 0,5 0,5 0,5 0,5 0,5 0,5 0,5 0,5 0,5 0,0 0,0 0,0 0,0 0
0 0,0 0,0 0,0 0,0 0,0 0,0 0,0 0,0 0,0 0,0 0,0 0,0 0,0 0,0 0,0 0,0 0
0 0,0 0,0 0,0 0,0 0,0 0,0 0,0 0,0 0,0 0,0 0,0 0,0 0,0 0,0 0,0 0,0 0
0 0,0 0,0 0,0 0,0 0,0 0,0 0,0 0,0 0,0 0,0 0,0 0,0 0,0 0,0 0,0 0,0 0
0 0,0 0,0 0,0 0,0 0,0 0,0 0,0 0,0 0,0 0,0 0,0 0,0 0,0 0,0 0,0 0,0 0
0 0,0 0,0 0,0 0,0 0,0 0,0 0,0 0,0 0,0 0,0 0,0 0,0 0,0 0,0 0,0 0,0 0
0 0,0 0,0 0,0 0,0 0,0 0,0 0,0 0,0 0,0 0,0 0,0 0,0 0,0 0,0 0,0 0,0 0
5 0,5 0,5 0,5 0,0 0,0 0,0 0,0 0,0 0,0 0,0 0,0 0,0 0,0 0,0 0,0 0,0 0
5 0,5 0,5 0,5 0,5 0,0 0,0 0,0 0,0 0,0 0,0 0,0 0,0 0,0 0,0 0,0 0,0 0
5 0,5 0,5 0,17 1,17 1,17 1,17 1,17 1,17 1,17 1,17 1,17 1,17 1,0 0,0 0,0 0,0 0
5 0,5 0,5 0,17 1,0 0,0 0,0 0,0 0,0 0,0 0,0 0,0 0,17 1,0 0,0 0,0 0,0 0
5 0,5 0,5 0,17 1,0 0,0 0,0 0,0 0,0 0,0 0,0 0,0 0,17 1,0 0,0 0,0 0,0 0
85 0,53 3,53 3,17 1,0 0,0 0,0 0,0 0,0 0,0 0,0 0,0 0,17 1,0 0,0 0,0 0,0 0
85 0,0 0,0 0,17 1,0 0,0 0,0 0,0 0,0 0,0 0,0 0,0 0,17 1,0 0,0 0,0 0,0 0
0 0,0 0,0 0,17 1,0 0,0 0,0 0,0 0,0 0,0 0,0 0,0 0,17 1,0 0,0 0,0 0,0 0
0 0,0 0,0 0,17 1,0 0,0 0,0 0,0 0,0 0,0 0,0 0,0 0,17 1,0 0,0 0,0 0,0 0
0 0,0 0,0 0,17 1,0 0,0 0,0 0,0 0,0 0,0 0,0 0,0 0,17 1,0 0,0 0,0 0,0 0
0 0,0 0,0 0,17 1,17 1,17 1,17 1,17 1,17 1,17 1,17 1,17 1,17 1,0 0,0 0,0 0,0 0
0 0,0 0,0 0,0 0,0 0,0 0,0 0,0 0,0 0,0 0,0 0,0 0,0 0,0 0,0 0,0 0,0 0
0 0,0 0,0 0,0 0,0 0,0 0,0 0,0 0,0 0,0 0,0 0,0 0,0 0,0 0,0 0,0 0,0 0
0 0,0 0,0 0,0 0,0 0,0 0,0 0,0 0,0 0,0 0,0 0,0 0,0 0,0 0,0 0,0 0,0 0
0 0,0 0,0 0,0 0,0 0,0 0,0 0,0 0,0 0,0 0,0 0,0 0,0 0,0 0,0 0,0 0,0 0
0 0,0 0,0 0,0 0,0 0,0 0,0 0,0 0,0 0,0 0,0 0,0 0,0 0,0 0,0 0,0 0,0 0
0 0,0 0,0 0,0 0,0 0,0 0,0 0,0 0,0 0,0 0,0 0,0 0,0 0,0 0,0 0,0 0,0 0
85 0,85 0,85 0,85 0,0 0,0 0,0 0,0 0,0 0,0 0,0 0,0 0,0 0,0 0,0 0,0 0,0 0
85 0,0 0,0 0,85 0,85 0,0 0,0 0,0 0,0 0,0 0,0 0,0 0,0 0,0 0,0 0,0 0,0 0
85 0,50 5,50 5,53 0,5 0,5 0,5 0,5 0,5 0,5 0,5 0,5 0,5 0,0 0,0 0,0 0,0 0
85 0,0 0,0 0,53 0,5 0,5 0,5 0,5 0,5 0,5 0,5 0,5 0,5 0,0 0,0 0,0 0,0 0
85 0,0 0,0 0,53 0,5 0,5 0,5 0,5 0,5 0,5 0,5 0,5 0,5 0,0 0,0 0,0 0,0 0
85 0,0 0,0 0,5 0,5 0,5 0,5 0,5 0,5 0,5 0,5 0,5 0,5 0,0 0,0 0,0 0,0 0
0 0,0 0,0 0,5 0,5 0,5 0,5 0,5 0,5 0,5 0,5 0,5 0,5 0,0 0,0 0,0 0,0 0
0 0,0 0,0 0,5 0,5 0,5 0,5 0,5 0,5 0,5 0,5 0,5 0,5 0,0 0,0 0,0 0,0 0
0 0,0 0,0 0,5 0,5 0,5 0,5 0,5 0,5 0,5 0,5 0,5 0,5 0,0 0,0 0,0 0,0 0
0 0,0 0,0 0,5 0,5 0,5 0,5 0,5 0,5 0,5 0,5 0,5 0,5 0,0 0,0 0,0 0,0 0
0 0,0 0,0 0,5 0,5 0,5 0,5 0,5 0,5 0,5 0,5 0,5 0,5 0,0 0,0 0,0 0,0 0
0 0,0 0,0 0,0 0,0 0,0 0,0 0,0 0,0 0,0 0,0 0,0 0,0 0,0 0,0 0,0 0,0 0
0 0,0 0,0 0,0 0,0 0,0 0,0 0,0 0,0 0,0 0,0 0,0 0,0 0,0 0,0 0,0 0,0 0
0 0,0 0,0 0,0 0,0 0,0 0,0 0,0 0,0 0,0 0,0 0,0 0,0 0,0 0,0 0,0 0,0 0
0 0,0 0,0 0,0 0,0 0,0 0,0 0,0 0,0 0,0 0,0 0,0 0,0 0,0 0,0 0,0 0,0 0
0 0,0 0,0 0,0 0,0 0,0 0,0 0,0 0,0 0,0 0,0 0,0 0,0 0,0 0,0 0,0 0,0 0
0 0,0 0,0 0,0 0,0 0,0 0,0 0,0 0,0 0,0 0,0 0,0 0,0 0,0 0,0 0,0 0,0 0
0 0,0 0,0 0,0 0,0 0,0 0,0 0,0 0,0 0,0 0,0 0,0 0,0 0,0 0,0 0,0 0,0 0
0 0,0 0,0 0,0 0,85 0,0 0,0 0,0 0,0 0,0 0,0 0,0 0,0 0,0 0,0 0,0 0,0 0
0 0,0 0,0 0,0 0,85 0,85 0,85 0,85 0,85 0,85 0,85 0,85 0,85 0,0 0,0 0,0 0,0 0
0 0,0 0,0 0,0 0,0 0,0 0,0 0,0 0,0 0,0 0,0 0,50 5,85 0,0 0,0 0,0 0,0 0
0 0,0 0,0 0,85 0,85 0,0 0,50 5,0 0,50 5,0 0,50 5,0 0,85 0,0 0,0 0,0 0,0 0
0 0,0 0,0 0,85 0,0 0,50 5,0 0,0 0,0 0,0 0,0 0,0 0,85 0,0 0,0 0,0 0,0 0
0 0,0 0,0 0,85 0,0 0,0 0,50 5,0 0,50 5,0 0,50 5,0 0,85 0,0 0,0 0,0 0,0 0
0 0,0 0,0 0,85 0,0 0,50 5,0 0,0 0,0 0,0 0,0 0,0 0,85 0,0 0,0 0,0 0,0 0
0 0,0 0,0 0,85 0,0 0,0 0,50 5,0 0,50 5,0 0,50 5,0 0,85 0,0 0,0 0,0 0,0 0
0 0,0 0,0 0,85 0,50 5,0 0,0 0,0 0,0 0,0 0,0 0,50 5,85 0,0 0,0 0,0 0,0 0
0 0,0 0,0 0,85 0,85 0,85 0,85 0,85 0,85 0,85 0,85 0,85 0,85 0,0 0,0 0,0 0,0 0
0 0,0 0,0 0,0 0,0 0,0 0,0 0,0 0,0 0,0 0,0 0,0 0,0 0,0 0,0 0,0 0,0 0
0 0,0 0,0 0,0 0,0 0,0 0,0 0,0 0,0 0,0 0,0 0,0 0,0 0,0 0,0 0,0 0,0 0
0 0,0 0,0 0,0 0,0 0,0 0,0 0,0 0,0 0,0 0,0 0,0 0,0 0,0 0,0 0,0 0,0 0
0 0,0 0,0 0,0 0,0 0,0 0,0 0,0 0,0 0,0 0,0 0,0 0,0 0,0 0,0 0,0 0,0 0
0 0,0 0,0 0,0 0,0 0,0 0,0 0,0 0,0 0,0 0,0 0,0 0,0 0,0 0,0 0,0 0,0 0
0 0,0 0,0 0,0 0,0 0,0 0,0 0,0 0,0 0,0 0,0 0,0 0,0 0,0 0,0 0,0 0,0 0
0 0,0 0,0 0,0 0,0 0,0 0,0 0,0 0,0 0,0 0,0 0,0 0,0 0,0 0,0 0,0 0,0 0
0 0,0 0,0 0,0 0,0 0,0 0,0 0,0 0,0 0,0 0,0 0,0 0,0 0,0 0,0 0,0 0,0 0
0 0,0 0,0 0,0 0,0 0,0 0,0 0,0 0,0 0,0 0,0 0,0 0,0 0,0 0,0 0,0 0,0 0
0 0,0 0,0 0,0 0,0 0,0 0,0 0,0 0,0 0,0 0,0 0,0 0,0 0,0 0,0 0,0 0,0 0
0 0,0 0,0 0,0 0,0 0,0 0,0 0,0 0,0 0,0 0,0 0,0 0,0 0,0 0,0 0,0 0,0 0
0 0,0 0,0 0,0 0,0 0,0 0,0 0,0 0,0 0,0 0,0 0,0 0,0 0,0 0,0 0,0 0,0 0
0 0,0 0,0 0,0 0,0 0,0 0,0 0,0 0,0 0,0 0,0 0,0 0,0 0,0 0,0 0,0 0,0 0
0 0,0 0,0 0,0 0,0 0,0 0,0 0,0 0,0 0,0 0,0 0,0 0,0 0,0 0,0 0,0 0,0 0
0 0,0 0,0 0,0 0,0 0,0 0,0 0,0 0,0 0,0 0,0 0,0 0,0 0,0 0,0 0,0 0,0 0
0 0,0 0,0 0,0 0,0 0,0 0,0 0,0 0,0 0,0 0,0 0,0 0,0 0,0 0,0 0,0 0,0 0
0 0,0 0,0 0,0 0,0 0,0 0,0 0,0 0,0 0,0 0,0 0,0 0,0 0,0 0,0 0,0 0,0 0
0 0,0 0,0 0,0 0,0 0,0 0,0 0,0 0,0 0,0 0,0 0,0 0,0 0,0 0,0 0,0 0,0 0
0 0,0 0,0 0,0 0,0 0,0 0,0 0,0 0,0 0,0 0,0 0,0 0,0 0,0 0,0 0,0 0,0 0
0 0,0 0,0 0,0 0,0 0,0 0,0 0,0 0,0 0,0 0,0 0,0 0,0 0,0 0,0 0,0 0,0 0
0 0,0 0,0 0,0 0,0 0,0 0,0 0,0 0,0 0,0 0,0 0,0 0,0 0,0 0,0 0,0 0,0 0
0 0,0 0,0 0,0 0,0 0,0 0,0 0,0 0,0 0,0 0,0 0,0 0,0 0,0 0,0 0,0 0,0 0
